58483.324300	18.587	0.100 
58483.325500	18.626	0.100 
58485.319100	18.596	0.107 
58485.320200	18.655	0.108 
58486.706200	18.764	0.099 
58486.707300	18.814	0.098 
58487.077000	18.749	0.105 
58487.078100	18.748	0.105 
58487.452000	18.640	0.118 
58487.453200	18.686	0.118 
58489.327100	18.851	0.121 
58489.328200	18.796	0.120 
58490.320500	18.569	0.119 
58490.321700	18.570	0.119 
58491.302700	18.309	0.104 
58491.303900	18.343	0.103 
58491.343500	18.794	0.119 
58491.344600	18.895	0.119 
58492.336000	18.135	0.183 
58492.336600	18.784	0.097 
58492.337700	18.871	0.096 
58493.324800	18.748	0.097 
58493.326000	18.814	0.097 
58494.294300	18.690	0.099 
58494.295500	18.749	0.098 
58495.302000	18.746	0.097 
58495.303100	18.738	0.097 
58495.685700	18.752	0.099 
58495.686800	18.871	0.097 
58496.727100	18.732	0.099 
58496.728300	18.885	0.097 
58497.037200	18.744	0.105 
58497.038400	18.896	0.104 
58498.034600	18.787	0.105 
58498.035800	18.770	0.104 
58499.455400	18.962	0.113 
58499.456600	18.869	0.114 
58499.670800	18.486	0.204 
58499.672000	18.564	0.203 
58500.293300	18.783	0.097 
58500.294500	18.834	0.097 
58501.031200	18.882	0.098 
58501.032400	18.963	0.098 
58502.479800	18.462	0.123 
58502.481000	18.451	0.124 
58503.465500	18.688	0.118 
58503.466600	18.737	0.117 
58504.444200	18.367	0.125 
58504.445300	18.531	0.122 
58506.012600	18.752	0.099 
58506.013800	18.753	0.099 
58507.031400	18.602	0.102 
58507.032600	18.591	0.102 
58510.001700	18.550	0.104 
58510.002800	18.519	0.104 
58510.640800	18.508	0.114 
58510.642000	18.571	0.112 
58511.639900	18.381	0.116 
58511.642700	18.560	0.113 
58511.643800	18.483	0.114 
58511.995400	18.618	0.101 
58511.996600	18.625	0.101 
58512.247500	18.626	0.100 
58512.248700	18.693	0.099 
58513.257800	18.713	0.098 
58513.258900	18.686	0.099 
58517.286200	18.877	0.096 
58517.287400	18.948	0.096 
58517.635500	18.899	0.097 
58517.636700	18.795	0.098 
58518.619000	18.514	0.201 
58518.620200	18.548	0.201 
58519.675800	18.925	0.199 
58519.676800	19.000	0.198 
58520.634500	18.554	0.242 
58522.366500	18.912	0.119 
58522.367500	19.068	0.119 
58524.212500	18.824	0.121 
58524.213500	18.814	0.120 
58525.211000	18.829	0.098 
58525.212000	18.808	0.098 
58525.722900	19.083	0.096 
58525.723900	19.087	0.096 
58530.759700	18.963	0.097 
58530.760700	19.062	0.097 
58531.761100	18.952	0.097 
58531.762100	18.902	0.097 
58532.038900	18.734	0.100 
58532.039900	18.667	0.100 
58533.031500	18.762	0.099 
58533.032500	18.656	0.101 
58534.044200	18.535	0.103 
58534.045200	18.601	0.102 
58537.924400	18.559	0.105 
58537.925400	18.385	0.107 
58538.625800	18.743	0.099 
58538.626800	18.991	0.097 
58539.604600	18.561	0.113 
58539.605600	18.637	0.113 
58540.585600	19.064	0.107 
58540.586600	19.223	0.109 
58541.913700	19.192	0.102 
58541.914700	19.189	0.102 
58542.671400	19.439	0.198 
58542.672400	19.539	0.198 
58543.908200	19.206	0.099 
58543.909200	19.250	0.099 
58544.905300	19.190	0.099 
58544.906300	19.293	0.099 
58545.906200	19.209	0.096 
58545.907200	19.186	0.096 
58547.166100	18.961	0.120 
58547.167100	19.153	0.120 
58547.948400	19.296	0.102 
58547.949500	19.393	0.101 
58548.935600	19.379	0.098 
58548.936700	19.521	0.098 
58551.183300	19.459	0.131 
58551.184300	19.333	0.136 
58554.135300	19.366	0.095 
58554.136300	19.368	0.095 
58556.073400	19.192	0.100 
58556.074400	18.893	0.099 
58557.070300	19.318	0.096 
58557.071300	19.325	0.096 
58558.226200	19.528	0.094 
58558.227200	19.484	0.094 
58559.261400	19.537	0.120 
58559.262400	19.530	0.121 
58560.299200	19.274	0.120 
58560.300200	19.477	0.120 
58561.111700	19.200	0.099 
58561.112700	19.073	0.099 
58562.108800	18.865	0.152 
58562.109800	18.917	0.149 
58564.991700	18.942	0.098 
58564.992700	19.108	0.097 
58565.997300	19.336	0.097 
58565.998300	19.331	0.097 
58567.015900	19.227	0.096 
58567.016900	19.294	0.096 
58567.032200	19.377	0.096 
58567.033200	19.323	0.096 
58568.287200	19.571	0.095 
58568.288200	19.538	0.095 
58568.292800	19.549	0.095 
58568.293800	19.510	0.095 
58569.202000	19.712	0.125 
58569.203000	19.465	0.131 
58570.166300	19.603	0.119 
58570.167300	19.691	0.117 
58571.250600	19.619	0.119 
58571.251600	19.519	0.121 
58572.239400	19.254	0.138 
58572.240400	19.319	0.136 
58574.076100	19.382	0.096 
58574.077100	19.335	0.095 
58574.956800	19.545	0.098 
58574.957800	19.388	0.097 
58575.820800	19.375	0.099 
58575.821800	19.157	0.100 
58576.995100	19.521	0.097 
58576.996100	19.511	0.097 
58579.186500	19.646	0.095 
58579.187500	19.519	0.094 
58581.467000	19.665	0.198 
58581.468000	19.470	0.197 
58581.986900	19.469	0.097 
58581.987900	19.435	0.097 
58582.134900	19.419	0.120 
58582.136000	19.503	0.120 
58583.577700	19.677	0.198 
58583.578700	19.639	0.198 
58584.493700	19.628	0.098 
58584.494700	19.552	0.097 
58584.991300	19.411	0.098 
58584.992300	19.494	0.098 
58585.793600	19.246	0.096 
58585.794600	19.105	0.097 
58587.144200	19.287	0.119 
58587.145200	19.299	0.119 
58588.626700	19.055	0.204 
58589.035200	18.849	0.121 
58589.036200	18.825	0.121 
58592.542100	18.877	0.201 
58592.543100	19.004	0.201 
58593.445300	19.282	0.199 
58593.446300	19.112	0.199 
58594.433400	19.124	0.213 
58594.434400	18.749	0.224 
58595.575600	19.006	0.108 
58595.576600	18.999	0.108 
58596.526400	19.315	0.096 
58596.527400	19.246	0.107 
58598.498700	19.422	0.197 
58598.499700	19.497	0.197 
58599.399900	19.101	0.096 
58599.400900	19.304	0.096 
58603.589500	19.162	0.208 
58603.590500	18.382	0.208 
58604.762800	19.171	0.096 
58604.763800	19.111	0.096 
58604.854700	19.152	0.096 
58604.855700	19.225	0.096 
58605.899500	19.246	0.102 
58605.900400	19.153	0.102 
58611.017300	18.926	0.099 
58611.018300	18.918	0.098 
58612.732000	18.724	0.102 
58612.733000	18.768	0.102 
58612.894100	18.883	0.098 
58612.895100	18.876	0.098 
58613.786800	18.893	0.098 
58613.787800	18.889	0.098 
58614.898300	18.975	0.100 
58614.899300	18.821	0.101 
58615.482600	18.910	0.198 
58615.483700	18.745	0.199 
58619.721100	18.186	0.110 
58619.722100	18.268	0.108 
58619.797500	18.337	0.108 
58619.798500	18.372	0.108 
58620.966200	18.091	0.126 
58620.967200	18.016	0.133 
58622.013200	18.022	0.121 
58622.014200	18.125	0.121 
58624.007500	18.387	0.119 
58624.008500	18.336	0.119 
58624.091500	18.589	0.099 
58624.092500	18.583	0.099 
58625.133500	18.260	0.120 
58625.134500	18.247	0.120 
58626.521300	18.469	0.200 
58626.522300	18.566	0.200 
58627.353600	18.329	0.135 
58627.354600	18.473	0.130 
58628.758100	18.592	0.102 
58628.759100	18.587	0.102 
58629.485500	18.597	0.199 
58629.486500	18.517	0.200 
58631.089100	18.599	0.099 
58631.090100	18.569	0.099 
58633.194400	18.600	0.120 
58633.195400	18.564	0.121 
58635.780500	18.571	0.104 
58635.781500	18.743	0.102 
58636.355000	18.454	0.206 
58636.356000	17.926	0.221 
58637.718500	18.751	0.099 
58637.719500	18.642	0.101 
58638.391300	18.621	0.112 
58638.392300	18.908	0.211 
58638.984700	18.631	0.110 
58638.985700	18.618	0.110 
58639.962900	18.726	0.097 
58639.963900	18.631	0.099 
58640.721200	18.330	0.108 
58640.722200	18.479	0.105 
58641.359900	18.528	0.201 
58641.360900	18.458	0.202 
58643.093200	18.298	0.120 
58643.094200	18.392	0.120 
58643.829200	18.306	0.099 
58643.830200	18.266	0.110 
58649.443600	18.212	0.120 
58649.444600	18.179	0.121 
58649.967200	18.144	0.107 
58650.035700	18.302	0.105 
58650.036700	18.297	0.105 
58651.058100	18.378	0.104 
58651.059100	18.496	0.103 
58652.351400	18.577	0.101 
58652.352400	18.473	0.103 
58654.746000	18.619	0.094 
58654.747000	18.647	0.101 
58655.972000	18.830	0.097 
58655.973000	18.858	0.098 
58656.981000	18.757	0.108 
58656.981800	18.897	0.095 
58656.982800	18.797	0.096 
58661.351200	19.019	0.198 
58661.352200	18.746	0.199 
58662.395300	18.826	0.198 
58662.396300	18.675	0.199 
58663.339800	18.728	0.099 
58663.340800	18.637	0.100 
58665.369100	18.586	0.201 
58665.370100	18.952	0.202 
58665.378200	18.634	0.111 
58665.379200	18.665	0.110 
58666.344500	18.713	0.199 
58666.345500	18.524	0.200 
58666.719500	19.032	0.393 
58666.720500	19.083	0.392 
58667.340500	18.676	0.100 
58667.341500	18.570	0.101 
58667.738600	18.755	0.102 
58667.739600	18.828	0.101 
58667.764100	18.748	0.102 
58667.765100	18.860	0.101 
58669.341000	18.569	0.200 
58669.342000	18.404	0.201 
58675.011200	18.276	0.114 
58675.012200	17.962	0.111 
58676.343300	18.215	0.204 
58676.344300	18.603	0.200 
58677.376900	18.341	0.117 
58677.378000	18.251	0.120 
58678.003000	18.141	0.121 
58678.004000	18.171	0.121 
58680.968200	18.596	0.101 
58680.969200	18.451	0.102 
58682.363900	18.331	0.201 
58682.364900	18.558	0.200 
58682.957400	18.455	0.101 
58682.958400	18.456	0.101 
58683.957700	18.477	0.103 
58683.958700	18.438	0.103 
58690.703400	18.622	0.403 
58690.704400	18.731	0.400 
58691.703800	18.245	0.112 
58691.704800	17.995	0.115 
58692.960900	18.064	0.108 
58692.961900	18.409	0.103 
58819.502700	20.854	0.116 
58819.503800	20.766	0.113 
58819.504900	20.868	0.116 
58819.505900	20.842	0.116 
58820.485100	20.791	0.114 
58820.486100	20.789	0.114 
58821.503300	20.666	0.142 
58821.518500	20.325	0.115 
58821.519500	20.187	0.114 
58823.514000	20.833	0.115 
58823.515000	20.880	0.116 
58824.512400	20.895	0.093 
58824.513400	20.800	0.088 
58825.471300	20.655	0.112 
58825.472300	20.765	0.115 
58829.460600	20.405	0.076 
58829.461600	20.401	0.079 
58832.452200	20.516	0.079 
58832.453200	20.550	0.079 
58833.458400	20.411	0.109 
58833.459400	20.387	0.108 
58839.433500	20.874	0.116 
58839.434500	20.840	0.115 
58840.489700	20.616	0.085 
58840.490700	20.570	0.083 
58842.341300	20.714	0.121 
58842.342300	20.871	0.121 
58843.423100	20.563	0.133 
58843.424100	20.366	0.138 
58843.728800	20.254	0.212 
58843.729800	20.106	0.211 
58846.081700	20.971	0.390 
58846.082700	20.984	0.391 
58847.085300	21.029	0.391 
58847.086300	20.772	0.388 
58849.085600	20.836	0.107 
58849.086600	20.893	0.108 
58850.429500	20.876	0.116 
58850.430500	21.003	0.119 
58850.432400	20.901	0.117 
58850.433400	20.664	0.113 
58851.086500	20.898	0.108 
58851.087500	20.904	0.109 
58852.319500	20.668	0.121 
58852.320500	20.649	0.121 
58856.443000	20.824	0.090 
58856.444000	20.877	0.093 
58857.740200	20.167	0.209 
58858.338800	20.905	0.122 
58858.339800	20.600	0.119 
58859.343500	20.322	0.121 
58859.344500	20.572	0.121 
58861.421200	20.532	0.113 
58861.422200	20.504	0.112 
58862.480000	20.386	0.116 
58862.481000	20.451	0.125 
58867.523900	20.787	0.114 
58867.524900	20.795	0.114 
58868.295700	20.694	0.119 
58868.296700	20.677	0.119 
58869.275300	20.793	0.121 
58869.276300	20.809	0.121 
58871.362900	20.914	0.121 
58871.363900	20.760	0.121 
58874.337600	20.730	0.114 
58874.338600	20.916	0.117 
58875.330600	20.834	0.121 
58875.331600	20.886	0.121 
58876.000800	20.882	0.108 
58876.001800	21.010	0.111 
58877.095500	21.997	0.413 
58877.096500	21.961	0.412 
58878.243100	21.256	0.121 
58878.244100	21.276	0.121 
58879.098600	21.535	0.401 
58879.099600	21.530	0.401 
58880.237700	20.748	0.120 
58880.238700	20.788	0.120 
58882.111600	20.995	0.110 
58882.112600	20.931	0.109 
58883.028400	20.880	0.389 
58883.029400	21.071	0.393 
58883.366000	21.040	0.104 
58883.367000	20.992	0.104 
58884.300600	20.964	0.121 
58884.301600	21.239	0.121 
58885.343200	21.179	0.107 
58885.344200	21.143	0.106 
58887.289900	20.897	0.104 
58887.290900	20.793	0.103 
58888.351300	20.844	0.116 
58888.352300	20.665	0.112 
58888.985500	20.507	0.388 
58888.986500	20.470	0.387 
58889.960500	20.564	0.388 
58889.961500	20.278	0.387 
58892.976900	20.587	0.103 
58892.977900	20.459	0.101 
58893.061600	20.570	0.112 
58893.062300	20.591	0.110 
58893.063300	20.651	0.111 
58894.097100	20.429	0.095 
58895.764700	20.492	0.208 
58895.765700	20.563	0.208 
58898.070900	20.906	0.117 
58898.071900	20.828	0.114 
58899.220900	20.916	0.123 
58899.221900	20.905	0.122 
58900.229800	21.040	0.104 
58900.230800	21.043	0.104 
58901.112700	21.017	0.391 
58901.113700	21.047	0.392 
58902.284200	21.346	0.121 
58902.285200	21.391	0.121 
58903.343600	21.296	0.133 
58903.344600	21.075	0.126 
58904.280500	21.035	0.121 
58904.281500	21.070	0.121 
58905.240000	21.146	0.128 
58905.241000	21.201	0.129 
58905.263300	21.075	0.105 
58905.264300	21.067	0.105 
58906.007000	21.078	0.393 
58906.008000	21.132	0.393 
58907.351500	20.762	0.121 
58907.352500	21.008	0.121 
58908.325100	21.111	0.121 
58908.326100	21.020	0.121 
58909.115000	21.027	0.392 
58909.116000	21.092	0.393 
58910.198500	20.878	0.121 
58910.199500	20.978	0.121 
58911.287300	20.849	0.120 
58911.288300	21.019	0.121 
58912.349000	20.817	0.121 
58912.350000	20.834	0.121 
58913.358300	20.936	0.104 
58914.358400	20.756	0.120 
58917.137600	20.046	0.117 
58917.138700	20.478	0.117 
58920.221600	20.322	0.077 
58920.222600	20.390	0.076 
58921.265400	20.533	0.121 
58921.266400	20.543	0.121 
58922.305400	20.322	0.121 
58922.306400	20.339	0.121 
58924.265600	20.437	0.121 
58924.266600	20.563	0.121 
58925.116800	20.406	0.121 
58925.117800	20.456	0.121 
58926.067600	20.623	0.386 
58926.068600	20.624	0.386 
58926.520600	20.852	0.210 
58926.521600	20.928	0.212 
58927.552100	20.857	0.210 
58927.553200	20.870	0.210 
58928.899400	20.738	0.388 
58928.900400	20.775	0.388 
58929.592600	20.887	0.130 
58929.593600	20.975	0.133 
58930.639100	21.095	0.215 
58930.640200	21.083	0.215 
58938.651700	20.897	0.211 
58938.652700	20.891	0.211 
58939.663400	20.838	0.210 
58939.664500	20.667	0.207 
58940.609900	20.771	0.209 
58940.610900	20.762	0.209 
58944.587300	20.475	0.206 
58944.588300	20.425	0.205 
58950.519400	20.697	0.117 
58950.520400	20.270	0.117 
58951.440300	20.642	0.115 
58951.441300	20.535	0.113 
58952.634700	20.605	0.115 
58952.635700	20.701	0.117 
58953.636100	20.727	0.208 
58953.637100	20.779	0.209 
58954.608300	20.584	0.114 
58954.609300	20.621	0.115 
58955.474600	20.661	0.115 
58955.475600	20.645	0.115 
58985.489000	20.288	0.107 
58985.490000	20.311	0.107 
58988.808300	20.348	0.384 
58988.809300	20.321	0.384 
58989.802000	20.147	0.384 
58989.803000	20.214	0.384 
58992.885700	19.831	0.099 
58992.886700	19.865	0.100 
58993.823800	19.774	0.097 
58993.824800	19.922	0.101 
58996.814800	20.259	0.384 
58996.815800	20.210	0.384 
58999.440300	20.323	0.117 
58999.441300	20.242	0.116 
58999.450700	20.522	0.206 
58999.451700	20.371	0.204 
59002.777000	19.750	0.099 
59002.778000	19.695	0.099 
59004.183100	19.760	0.107 
59004.184100	19.807	0.107 
59005.497200	19.965	0.113 
59005.498200	19.923	0.113 
59005.838100	19.868	0.097 
59005.839100	19.811	0.096 
59007.714000	20.086	0.384 
59007.715000	20.005	0.385 
59008.780500	20.320	0.099 
59008.781500	20.225	0.098 
59014.700100	19.980	0.385 
59014.701100	20.011	0.384 
59015.822500	20.269	0.099 
59015.823500	20.148	0.098 
59016.479700	19.764	0.099 
59016.480700	19.937	0.101 
59016.692700	19.767	0.385 
59016.693700	19.805	0.385 
59017.698100	19.844	0.384 
59017.699100	19.853	0.385 
59019.721000	19.892	0.382 
59019.722000	20.037	0.382 
59020.794400	19.681	0.098 
59020.795400	19.208	0.097 
59022.797500	20.131	0.091 
59022.798500	20.051	0.091 
59023.756400	19.835	0.382 
59023.757400	19.948	0.382 
59024.701400	19.773	0.098 
59024.702400	19.681	0.098 
59033.771300	19.638	0.384 
59033.772300	19.730	0.383 
59034.754000	19.582	0.099 
59034.755000	19.722	0.100 
59035.736100	19.781	0.383 
59035.737100	19.857	0.383 
59037.761000	20.162	0.091 
59037.762000	19.972	0.090 
59038.736400	20.213	0.092 
59038.737400	20.243	0.092 
59045.360600	20.224	0.099 
59045.361600	20.171	0.099 
59047.735800	20.030	0.384 
59047.736800	19.989	0.385 
59049.364300	20.488	0.205 
59050.374200	20.372	0.108 
59050.375200	20.237	0.106 
59050.719200	18.199	0.438 
59050.720200	20.105	0.384 
59053.364800	20.128	0.104 
59053.365800	20.111	0.104 
59053.719100	20.241	0.099 
59053.720100	20.215	0.098 
59057.704100	18.103	0.466 
59057.705100	19.749	0.386 
59059.705000	19.571	0.387 
59059.706000	19.512	0.388 
59177.507700	18.457	0.113 
59177.508700	18.459	0.112 
59202.520000	18.763	0.099 
59202.521000	18.821	0.097 
59205.445100	18.651	0.118 
59205.446100	18.671	0.117 
59207.732000	18.216	0.110 
59207.733000	18.165	0.111 
59210.432900	18.414	0.115 
59210.433900	18.386	0.117 
59212.482400	18.797	0.117 
59212.483400	18.713	0.118 
59213.485600	18.429	0.127 
59216.068600	18.122	0.419 
59216.069600	18.099	0.420 
59217.077200	18.530	0.103 
59222.093600	18.451	0.407 
59222.301200	18.754	0.120 
59222.302200	18.696	0.120 
59223.387200	18.623	0.106 
59224.301000	18.666	0.119 
59225.683500	18.230	0.109