0.000000000000000000e+00 1.332666329168932684e+01 5.000000000000000000e-01
1.000000000000000000e+00 1.393592644744644637e+01 5.000000000000000000e-01
2.000000000000000000e+00 1.246034591213468978e+01 5.000000000000000000e-01
3.000000000000000000e+00 1.375929292660275927e+01 5.000000000000000000e-01
4.000000000000000000e+00 1.365579975873196084e+01 5.000000000000000000e-01
5.000000000000000000e+00 1.358490774366803855e+01 5.000000000000000000e-01
6.000000000000000000e+00 1.503758121582696461e+01 5.000000000000000000e-01
7.000000000000000000e+00 1.116521998207888089e+01 5.000000000000000000e-01
8.000000000000000000e+00 1.601143233195575633e+01 5.000000000000000000e-01
9.000000000000000000e+00 1.310111659168125264e+01 5.000000000000000000e-01
1.000000000000000000e+01 1.307054672778628657e+01 5.000000000000000000e-01
1.100000000000000000e+01 1.472322346885673561e+01 5.000000000000000000e-01
1.200000000000000000e+01 1.344534931061636307e+01 5.000000000000000000e-01
1.300000000000000000e+01 1.258507289019570941e+01 5.000000000000000000e-01
1.400000000000000000e+01 1.277386178777716630e+01 5.000000000000000000e-01
1.500000000000000000e+01 1.081133961546349020e+01 5.000000000000000000e-01
1.600000000000000000e+01 1.251544958254587137e+01 5.000000000000000000e-01
1.700000000000000000e+01 1.479125047715538521e+01 5.000000000000000000e-01
1.800000000000000000e+01 1.438994006047706975e+01 5.000000000000000000e-01
1.900000000000000000e+01 1.474567038853422396e+01 5.000000000000000000e-01
2.000000000000000000e+01 1.413102403480596791e+01 5.000000000000000000e-01
2.100000000000000000e+01 1.269861352532263332e+01 5.000000000000000000e-01
2.200000000000000000e+01 1.059632783749970919e+01 5.000000000000000000e-01
2.300000000000000000e+01 1.201738243798413919e+01 5.000000000000000000e-01
2.400000000000000000e+01 1.116459572955736768e+01 5.000000000000000000e-01
2.500000000000000000e+01 1.239269403169413764e+01 5.000000000000000000e-01
2.600000000000000000e+01 1.070586305189732279e+01 5.000000000000000000e-01
2.700000000000000000e+01 1.350017179997176164e+01 5.000000000000000000e-01
2.800000000000000000e+01 1.292475182697162417e+01 5.000000000000000000e-01
2.900000000000000000e+01 1.303878642135411248e+01 5.000000000000000000e-01
3.000000000000000000e+01 1.299118406436330986e+01 5.000000000000000000e-01
3.100000000000000000e+01 1.036150821075322881e+01 5.000000000000000000e-01
3.200000000000000000e+01 1.050486392144571823e+01 5.000000000000000000e-01
3.300000000000000000e+01 1.047230170607913280e+01 5.000000000000000000e-01
3.400000000000000000e+01 8.959592402272146927e+00 5.000000000000000000e-01
3.500000000000000000e+01 1.022563570105658037e+01 5.000000000000000000e-01
3.600000000000000000e+01 1.006190829838704204e+01 5.000000000000000000e-01
3.700000000000000000e+01 9.454804604534023937e+00 5.000000000000000000e-01
3.800000000000000000e+01 9.813690766925519782e+00 5.000000000000000000e-01
3.900000000000000000e+01 1.141347978983066724e+01 5.000000000000000000e-01
4.000000000000000000e+01 1.024030153820115885e+01 5.000000000000000000e-01
4.100000000000000000e+01 1.253830941112636843e+01 5.000000000000000000e-01
4.200000000000000000e+01 1.245313655028731503e+01 5.000000000000000000e-01
4.300000000000000000e+01 1.157085537884116277e+01 5.000000000000000000e-01
4.400000000000000000e+01 1.052049048174998624e+01 5.000000000000000000e-01
4.500000000000000000e+01 1.022238665452516848e+01 5.000000000000000000e-01
4.600000000000000000e+01 1.159015053471153145e+01 5.000000000000000000e-01
4.700000000000000000e+01 1.026950906939516805e+01 5.000000000000000000e-01
4.800000000000000000e+01 9.559334646624575882e+00 5.000000000000000000e-01
4.900000000000000000e+01 9.570673610829995681e+00 5.000000000000000000e-01
5.000000000000000000e+01 7.492671408209448103e+00 5.000000000000000000e-01
5.100000000000000000e+01 9.700784554559966466e+00 5.000000000000000000e-01
5.200000000000000000e+01 1.006924797770695257e+01 5.000000000000000000e-01
5.300000000000000000e+01 1.093861283600291934e+01 5.000000000000000000e-01
5.400000000000000000e+01 8.033583969878822728e+00 5.000000000000000000e-01
5.500000000000000000e+01 1.038210499068387627e+01 5.000000000000000000e-01
5.600000000000000000e+01 9.564006489793850818e+00 5.000000000000000000e-01
5.700000000000000000e+01 9.156639869609856319e+00 5.000000000000000000e-01
5.800000000000000000e+01 1.014532732044667718e+01 5.000000000000000000e-01
5.900000000000000000e+01 9.118441905214504928e+00 5.000000000000000000e-01
6.000000000000000000e+01 6.137955992262510208e+00 5.000000000000000000e-01
6.100000000000000000e+01 8.544648678178525358e+00 5.000000000000000000e-01
6.200000000000000000e+01 5.640465547249635669e+00 5.000000000000000000e-01
6.300000000000000000e+01 4.593326832507516500e+00 5.000000000000000000e-01
6.400000000000000000e+01 8.199986436691705904e+00 5.000000000000000000e-01
6.500000000000000000e+01 7.292159601027280225e+00 5.000000000000000000e-01
6.600000000000000000e+01 8.026515979558420000e+00 5.000000000000000000e-01
6.700000000000000000e+01 1.023757538922028054e+01 5.000000000000000000e-01
6.800000000000000000e+01 1.116168425457973790e+01 5.000000000000000000e-01
6.900000000000000000e+01 8.921230476901158113e+00 5.000000000000000000e-01
7.000000000000000000e+01 7.608556186211139050e+00 5.000000000000000000e-01
7.100000000000000000e+01 7.354936282047743745e+00 5.000000000000000000e-01
7.200000000000000000e+01 8.898295490268674612e+00 5.000000000000000000e-01
7.300000000000000000e+01 9.707509292649763921e+00 5.000000000000000000e-01
7.400000000000000000e+01 1.065906838105366639e+01 5.000000000000000000e-01
7.500000000000000000e+01 9.047237440000847286e+00 5.000000000000000000e-01
7.600000000000000000e+01 1.129712345356858805e+01 5.000000000000000000e-01
7.700000000000000000e+01 1.054076297471188006e+01 5.000000000000000000e-01
7.800000000000000000e+01 1.180671261258402893e+01 5.000000000000000000e-01
7.900000000000000000e+01 1.063149704007816609e+01 5.000000000000000000e-01
8.000000000000000000e+01 1.270392845291308070e+01 5.000000000000000000e-01
8.100000000000000000e+01 1.286468226481398780e+01 5.000000000000000000e-01
8.200000000000000000e+01 1.323921920437561894e+01 5.000000000000000000e-01
8.300000000000000000e+01 1.169485325940963349e+01 5.000000000000000000e-01
8.400000000000000000e+01 1.350345825105094733e+01 5.000000000000000000e-01
8.500000000000000000e+01 1.301747412120873726e+01 5.000000000000000000e-01
8.600000000000000000e+01 1.134161016432105207e+01 5.000000000000000000e-01
8.700000000000000000e+01 1.296027713717660035e+01 5.000000000000000000e-01
8.800000000000000000e+01 1.165565236569816321e+01 5.000000000000000000e-01
8.900000000000000000e+01 1.112144045011914528e+01 5.000000000000000000e-01
9.000000000000000000e+01 1.083367380603851871e+01 5.000000000000000000e-01
9.100000000000000000e+01 8.761095683808557411e+00 5.000000000000000000e-01
9.200000000000000000e+01 1.249473053930499056e+01 5.000000000000000000e-01
9.300000000000000000e+01 1.254313674024480463e+01 5.000000000000000000e-01
9.400000000000000000e+01 1.240814817863852326e+01 5.000000000000000000e-01
9.500000000000000000e+01 1.307218427560078311e+01 5.000000000000000000e-01
9.600000000000000000e+01 1.195611860976635832e+01 5.000000000000000000e-01
9.700000000000000000e+01 1.041366991733404213e+01 5.000000000000000000e-01
9.800000000000000000e+01 1.262415460649924626e+01 5.000000000000000000e-01
9.900000000000000000e+01 1.166969636076256300e+01 5.000000000000000000e-01
