# Variable: deviance
# Sample shape: (754,)
# Date: 2011-11-02 01:32:59.531181
-1.602796662325120451e+03
-1.626703271446977624e+03
-1.615730351770416291e+03
-1.643103339878201496e+03
-1.634816323620182402e+03
-1.607394708123133114e+03
-1.637559201288762324e+03
-1.615866505161140822e+03
-1.620697950973894876e+03
-1.613735205747263308e+03
-1.635771753216176876e+03
-1.606002077296848483e+03
-1.616943448004208221e+03
-1.610731201077475816e+03
-1.608922420301115835e+03
-1.615816305416256000e+03
-1.603230892205853479e+03
-1.618603906602041889e+03
-1.617813548137876751e+03
-1.617163315980474636e+03
-1.629115089302259776e+03
-1.622966501664770931e+03
-1.619820018667676777e+03
-1.600637758378213675e+03
-1.608516413872749354e+03
-1.622455961405110884e+03
-1.595571245422450829e+03
-1.612477485830843079e+03
-1.597542953409759093e+03
-1.625290817426633794e+03
-1.628066216382521361e+03
-1.608008722990615752e+03
-1.594056225717185725e+03
-1.630393905340855781e+03
-1.616697784602317597e+03
-1.598187430195211164e+03
-1.625518072174255849e+03
-1.600552244900407914e+03
-1.634571677183577549e+03
-1.596475706511908129e+03
-1.621263311552132109e+03
-1.626880105592655809e+03
-1.611912270540582085e+03
-1.635347753914401665e+03
-1.634281208604744052e+03
-1.590464869106031756e+03
-1.623729905395211745e+03
-1.617181175588723136e+03
-1.603650256720002972e+03
-1.617609750623885247e+03
-1.617715854007983125e+03
-1.596560280451333256e+03
-1.610198272202477028e+03
-1.608767719398554163e+03
-1.598988592201603524e+03
-1.610016535037937047e+03
-1.627003004550693049e+03
-1.609010331109714116e+03
-1.581283785131691502e+03
-1.597578118863284317e+03
-1.599286197399032062e+03
-1.600136729660026504e+03
-1.595572385821313219e+03
-1.603057423432204359e+03
-1.627626059806012563e+03
-1.588538583789120366e+03
-1.594598783145594325e+03
-1.612890621625287849e+03
-1.615270324413596427e+03
-1.608669948853937512e+03
-1.622407763671167459e+03
-1.591117681186862910e+03
-1.608880767819696302e+03
-1.610294944525842993e+03
-1.587622700938007938e+03
-1.588041771636786052e+03
-1.616713924382474943e+03
-1.594801394113992728e+03
-1.605788939653217540e+03
-1.605405803243744003e+03
-1.590656762972542083e+03
-1.580148250619104374e+03
-1.602694893331926551e+03
-1.599955697880598109e+03
-1.606865558534164848e+03
-1.618716184340795280e+03
-1.590428152680759695e+03
-1.587767530652125060e+03
-1.608684152586295568e+03
-1.590543046123384556e+03
-1.589739149940437301e+03
-1.611161099325056739e+03
-1.606981784420273925e+03
-1.606279242777221725e+03
-1.602541221423966135e+03
-1.597769145731173921e+03
-1.605108757598772854e+03
-1.598792358441422493e+03
-1.597008686030668514e+03
-1.585434005025435681e+03
-1.604548578019073830e+03
-1.603210599922308575e+03
-1.590818707026970060e+03
-1.607250375917961492e+03
-1.618707104526925150e+03
-1.592308825457628245e+03
-1.595638244612156086e+03
-1.603101969410355878e+03
-1.606809244736474511e+03
-1.609449678988284859e+03
-1.606400997922454962e+03
-1.639232502553524228e+03
-1.598371323833364613e+03
-1.619548631225060490e+03
-1.582573592896643277e+03
-1.622620264667790934e+03
-1.629100368806603910e+03
-1.587412166663530570e+03
-1.619426647036841814e+03
-1.617182872192820241e+03
-1.635673802620983906e+03
-1.616977195654130128e+03
-1.607252008765806750e+03
-1.623206860922366332e+03
-1.601738143314534909e+03
-1.602920522714495974e+03
-1.604808287612760523e+03
-1.597503333720994988e+03
-1.591795970361448781e+03
-1.623207525222379900e+03
-1.604097106538821436e+03
-1.612162704517159227e+03
-1.611278042614047763e+03
-1.608730257265868886e+03
-1.607781725193261309e+03
-1.592298804031928739e+03
-1.609999522118118193e+03
-1.588893305399667724e+03
-1.620776351817278055e+03
-1.602707291383546362e+03
-1.614506807570193359e+03
-1.586557431682632796e+03
-1.610865315302517047e+03
-1.597518856709644069e+03
-1.607218616423444473e+03
-1.596036177249229468e+03
-1.607204298433268377e+03
-1.596450695306511534e+03
-1.617642574091058123e+03
-1.608967898254594502e+03
-1.597341346575289435e+03
-1.597969889370162946e+03
-1.574556782482231256e+03
-1.605073174223678052e+03
-1.603059183696408581e+03
-1.586963801647701302e+03
-1.611021289397683177e+03
-1.598699209468173649e+03
-1.600687697277250663e+03
-1.610254413939843289e+03
-1.594301618597245579e+03
-1.602335221458503156e+03
-1.595751555871592473e+03
-1.586585193372407957e+03
-1.588876762586449104e+03
-1.612398255446795702e+03
-1.588239128360741006e+03
-1.610130602984341294e+03
-1.630566673116588845e+03
-1.593731606607601861e+03
-1.612304148484798134e+03
-1.607811699044639454e+03
-1.602502809716708498e+03
-1.624753397310015771e+03
-1.626466816158146912e+03
-1.621038214720372480e+03
-1.608868801559108761e+03
-1.616236242663046596e+03
-1.598478226152057232e+03
-1.601725886796205486e+03
-1.596458518945598598e+03
-1.602788398339308060e+03
-1.636222897642274120e+03
-1.619044146496155236e+03
-1.602811211594455472e+03
-1.613311641181180903e+03
-1.605653683194556834e+03
-1.602317717599787557e+03
-1.614110081706584651e+03
-1.604490670039879205e+03
-1.624176224608183247e+03
-1.611176641375487179e+03
-1.613018314819174066e+03
-1.595852113584078324e+03
-1.607311152372811193e+03
-1.621833186281960025e+03
-1.608252335071796551e+03
-1.599743491509524347e+03
-1.594990072682587197e+03
-1.599235170708453325e+03
-1.611438831551419298e+03
-1.590059739321868392e+03
-1.598072351396371914e+03
-1.597968495007464981e+03
-1.602764799025057300e+03
-1.626905736116415710e+03
-1.587971735158612773e+03
-1.610645604511415968e+03
-1.617721017099733444e+03
-1.602766692102010893e+03
-1.618586483233511217e+03
-1.610920223053351037e+03
-1.614075522772215663e+03
-1.619945767540112229e+03
-1.607611523333413743e+03
-1.598516741306107178e+03
-1.598638061069312926e+03
-1.617562491776326397e+03
-1.612161812180685274e+03
-1.576415732539986038e+03
-1.617635936165406292e+03
-1.616311244085002954e+03
-1.633226048738588133e+03
-1.625863890408382758e+03
-1.625208928397418049e+03
-1.619621089814193965e+03
-1.609676641970022956e+03
-1.614262877786916761e+03
-1.605413672080847618e+03
-1.623234379798962209e+03
-1.603227337600146484e+03
-1.622060733215268783e+03
-1.614388415449922149e+03
-1.629926951945446717e+03
-1.607166323038971768e+03
-1.606355834170960179e+03
-1.618894121594324588e+03
-1.626382357941166447e+03
-1.617771379976208891e+03
-1.609705565295548240e+03
-1.613508240033549555e+03
-1.620679512215075192e+03
-1.619655959514800998e+03
-1.618828124257841637e+03
-1.581387258675984185e+03
-1.614381119544270632e+03
-1.622176391276979302e+03
-1.604802506586710024e+03
-1.592247129729310245e+03
-1.606219823124360346e+03
-1.622149290113759207e+03
-1.615011218583637628e+03
-1.614012767737180411e+03
-1.634990573982480555e+03
-1.622666971125855298e+03
-1.629854895950540822e+03
-1.600374594081277110e+03
-1.607131952756790042e+03
-1.594777456327369691e+03
-1.610046988861382488e+03
-1.614417954269181791e+03
-1.623400487745926512e+03
-1.634353905033523688e+03
-1.621817121033377589e+03
-1.592454934153834984e+03
-1.617751419217308921e+03
-1.595313666163477592e+03
-1.617191726794277429e+03
-1.610604206500657256e+03
-1.609422540223519718e+03
-1.596128297882273273e+03
-1.629079174188214438e+03
-1.611162754298405844e+03
-1.604527109809718922e+03
-1.603010966499860388e+03
-1.612428546212805259e+03
-1.609627476299770478e+03
-1.613763141452417358e+03
-1.623154088480859173e+03
-1.605964308433585529e+03
-1.604791714395181998e+03
-1.626546696686759788e+03
-1.606749417500008349e+03
-1.604081975383379358e+03
-1.620991341106086793e+03
-1.593546762093504867e+03
-1.572299212614204180e+03
-1.622087673973742767e+03
-1.607615691172843299e+03
-1.618516761683846426e+03
-1.586325489597733849e+03
-1.594717063876194743e+03
-1.606740674739701944e+03
-1.613547165570200832e+03
-1.622606607841422829e+03
-1.611245950259808069e+03
-1.612327923487663156e+03
-1.595600403514334403e+03
-1.620616365740145056e+03
-1.589191302235322610e+03
-1.612138700515115033e+03
-1.611085460024147551e+03
-1.595117093545383796e+03
-1.605524885736153919e+03
-1.600742411845209745e+03
-1.588379707008123205e+03
-1.604672549008541182e+03
-1.610621151011589063e+03
-1.600438902449972829e+03
-1.587092641211546379e+03
-1.586981240382147917e+03
-1.578786550013570604e+03
-1.610263772047848079e+03
-1.582062083123199272e+03
-1.589967193290029854e+03
-1.587901763507551323e+03
-1.579781388866278803e+03
-1.569814804482830823e+03
-1.576847739635471498e+03
-1.594523131233345566e+03
-1.578972766260467552e+03
-1.590384506392017556e+03
-1.590477492606928536e+03
-1.599725998912095974e+03
-1.570467053782309449e+03
-1.582644669919803846e+03
-1.590251950507091351e+03
-1.572196195293082837e+03
-1.565250909584952979e+03
-1.604337545727990118e+03
-1.595976051781355181e+03
-1.581716324575994804e+03
-1.598094556939419363e+03
-1.616541047479379813e+03
-1.603254927570960035e+03
-1.623704405212348775e+03
-1.624669962483919335e+03
-1.616598492120950596e+03
-1.601170853160117986e+03
-1.617471182128165992e+03
-1.614648395363032932e+03
-1.618650424919609804e+03
-1.605950991645539034e+03
-1.624139848753735123e+03
-1.615014041315988379e+03
-1.628930393249959479e+03
-1.625298885995303181e+03
-1.627969500787851530e+03
-1.616286247148965458e+03
-1.613787074882638990e+03
-1.608946464111373416e+03
-1.602925553489360937e+03
-1.622014542148865530e+03
-1.618199171319184416e+03
-1.595074262677948354e+03
-1.598896975199880899e+03
-1.623581763010949089e+03
-1.598989165005265932e+03
-1.622053643267276129e+03
-1.605155974669427906e+03
-1.605442017342674262e+03
-1.608836741130249493e+03
-1.588505867440323073e+03
-1.590760970509154731e+03
-1.608601799746039660e+03
-1.626488074247403802e+03
-1.592412190321486378e+03
-1.604495745984997484e+03
-1.606036001641712573e+03
-1.604570971740959521e+03
-1.609227402964404519e+03
-1.615910600372209046e+03
-1.636570496858542128e+03
-1.608916658866788339e+03
-1.617461301344809726e+03
-1.617700503442708396e+03
-1.612964200726184117e+03
-1.614197211547143979e+03
-1.614355704275391190e+03
-1.630413795247254711e+03
-1.579135665180449678e+03
-1.635981127138872580e+03
-1.617462487869010829e+03
-1.617634954385709989e+03
-1.606212901582107861e+03
-1.611612722789298687e+03
-1.601976278089190828e+03
-1.628329343667537387e+03
-1.612429846650722538e+03
-1.595065255126560260e+03
-1.615988867942643765e+03
-1.632275830320365685e+03
-1.626888162887331418e+03
-1.639687185089647301e+03
-1.618181569557239754e+03
-1.650402607556678277e+03
-1.653458997722357935e+03
-1.639422521251328590e+03
-1.631071977443192054e+03
-1.652328802959759969e+03
-1.631531655631535386e+03
-1.635829367999689339e+03
-1.642022489690062002e+03
-1.649957748977062010e+03
-1.652226266331804027e+03
-1.626895334359899834e+03
-1.644860602352206115e+03
-1.633664078370090010e+03
-1.645359222073604542e+03
-1.638402048464222389e+03
-1.639450896844119143e+03
-1.647246558037938030e+03
-1.612197143896680473e+03
-1.626285788586948001e+03
-1.619850825062297645e+03
-1.604134749826240295e+03
-1.628670232478034222e+03
-1.622085721981488859e+03
-1.611408901424164696e+03
-1.612778161482849555e+03
-1.620071092599273015e+03
-1.618046314420098497e+03
-1.610141759307996381e+03
-1.622122788077452242e+03
-1.600310156849400755e+03
-1.614570826714281111e+03
-1.609052495841876407e+03
-1.608172365231591129e+03
-1.625609384187722071e+03
-1.620749821369209712e+03
-1.599939173613416870e+03
-1.610641805416558100e+03
-1.618363498833172798e+03
-1.602635923534046469e+03
-1.597600492833815451e+03
-1.618480878350247167e+03
-1.602912177599151619e+03
-1.608479580568871597e+03
-1.589609523800208081e+03
-1.603241305687823342e+03
-1.607246213200336570e+03
-1.607066134264874108e+03
-1.617487178625632623e+03
-1.625781737195991354e+03
-1.615026418609671737e+03
-1.624049235006122217e+03
-1.618747221608044583e+03
-1.579642768944706859e+03
-1.594240475245829657e+03
-1.613217313411196301e+03
-1.614365972481922654e+03
-1.635487751628445949e+03
-1.598317919234511919e+03
-1.619651756267742030e+03
-1.613954287449930916e+03
-1.643012236260278314e+03
-1.611726384204722763e+03
-1.626233431652473882e+03
-1.628644011287394733e+03
-1.623117239765488421e+03
-1.622347899324334094e+03
-1.623067831573276862e+03
-1.608866934804817674e+03
-1.611796531130867152e+03
-1.618054227584018918e+03
-1.639166785549681663e+03
-1.627043307475944857e+03
-1.601120779362097210e+03
-1.605789783538174788e+03
-1.610985573424406084e+03
-1.628385165402939265e+03
-1.627035090288386982e+03
-1.611210647189904648e+03
-1.638135329182064424e+03
-1.583883431372703171e+03
-1.607187194255748864e+03
-1.619097360036193095e+03
-1.630563977362810192e+03
-1.602314157990935200e+03
-1.607524411711992570e+03
-1.600999194082043687e+03
-1.624255849823624203e+03
-1.644911383166540645e+03
-1.607466875371178958e+03
-1.623482829570356216e+03
-1.616222050776545984e+03
-1.589578735934174574e+03
-1.612994991283876971e+03
-1.617825118463233821e+03
-1.606325531069830731e+03
-1.621921438136780580e+03
-1.592425805779723760e+03
-1.618871097451243031e+03
-1.617709732573226347e+03
-1.603617602285848761e+03
-1.630878107825916913e+03
-1.638465073065514161e+03
-1.610518497590969673e+03
-1.624433167881075633e+03
-1.608767341368167081e+03
-1.612152135423546497e+03
-1.600777423889791862e+03
-1.609113533678581689e+03
-1.609713224257591946e+03
-1.647838537268351502e+03
-1.611414435911808596e+03
-1.603573255982071487e+03
-1.620797703944353998e+03
-1.610905185885617811e+03
-1.635660505645630792e+03
-1.588806922674224325e+03
-1.610874421462413920e+03
-1.629060891801580965e+03
-1.625859913961297934e+03
-1.621711923224358088e+03
-1.619069413079739434e+03
-1.643566955121896171e+03
-1.614035191486409303e+03
-1.614314948164402267e+03
-1.616518908285428552e+03
-1.622741429003125177e+03
-1.613840993017625806e+03
-1.614854167022568163e+03
-1.612086140725458336e+03
-1.633609159809390121e+03
-1.612282698920766279e+03
-1.597632296124968207e+03
-1.637805370105485281e+03
-1.615913633604136976e+03
-1.614264746506434676e+03
-1.630485696507112834e+03
-1.628430761215149232e+03
-1.606802513049011168e+03
-1.600190720702849603e+03
-1.626653653989244049e+03
-1.613699379193026061e+03
-1.599467005012615800e+03
-1.605966957926417308e+03
-1.614708831635311753e+03
-1.599793137512121575e+03
-1.592401550164496257e+03
-1.608215790445760831e+03
-1.609818957499799353e+03
-1.619443208208912438e+03
-1.610666902213203457e+03
-1.612806333963947282e+03
-1.608126033226732261e+03
-1.575001557286885372e+03
-1.624991896403128521e+03
-1.595675287993701431e+03
-1.589148169107449576e+03
-1.599999621439847942e+03
-1.617160973735922653e+03
-1.625317405758130690e+03
-1.603472506779840614e+03
-1.616252413666342136e+03
-1.601522423329111007e+03
-1.611879635256236952e+03
-1.606235850490130360e+03
-1.609008429195439703e+03
-1.579801951229097085e+03
-1.607813270589354715e+03
-1.602387044598815919e+03
-1.605817930845616729e+03
-1.600272311599352179e+03
-1.594868789112481863e+03
-1.621117335945614286e+03
-1.599358455079373471e+03
-1.618157358785961605e+03
-1.606435586504796220e+03
-1.621887813159259622e+03
-1.621395657233771317e+03
-1.613956124704846388e+03
-1.620966969945039182e+03
-1.594001302907295440e+03
-1.600686995821769870e+03
-1.616409578529977580e+03
-1.627097280745896569e+03
-1.586891793227791595e+03
-1.607889263606376517e+03
-1.609464593318559082e+03
-1.607365937783126355e+03
-1.613987058055991838e+03
-1.610464872328652064e+03
-1.644136798438754568e+03
-1.636714704773471567e+03
-1.609191951181335526e+03
-1.617493756485798485e+03
-1.647672591761545618e+03
-1.604000028064116350e+03
-1.625002752050608933e+03
-1.627751434012763639e+03
-1.611680209589638253e+03
-1.609651383050851564e+03
-1.643140391626905512e+03
-1.595087165172210007e+03
-1.648083548953040463e+03
-1.625903301120898504e+03
-1.621444960367988187e+03
-1.594381489263007097e+03
-1.608451108391359412e+03
-1.611410150833294665e+03
-1.616166038031362632e+03
-1.628423591758155908e+03
-1.595220999259656764e+03
-1.606431070022873200e+03
-1.618674454755166835e+03
-1.629516466044224899e+03
-1.634233519239324096e+03
-1.640826808105753798e+03
-1.655568053683165999e+03
-1.634129689963434885e+03
-1.626060020097705774e+03
-1.652211498919469705e+03
-1.645983767864531728e+03
-1.604475518255128691e+03
-1.626481076796807201e+03
-1.636620890771232325e+03
-1.626023635597825887e+03
-1.603019504554059949e+03
-1.631632238958943617e+03
-1.629924581811540065e+03
-1.623656575003107037e+03
-1.640257214860629119e+03
-1.623854880432876826e+03
-1.626084223350272850e+03
-1.621669616419190788e+03
-1.623065336986263446e+03
-1.613395426947241958e+03
-1.616158386662223393e+03
-1.593860728354615958e+03
-1.592935553105930012e+03
-1.568858347588434299e+03
-1.589144447569458180e+03
-1.594229534721510618e+03
-1.606511500893219818e+03
-1.614624718075306419e+03
-1.617063489035951534e+03
-1.597728794946601511e+03
-1.587272189188645143e+03
-1.616202503618337232e+03
-1.596140855761841749e+03
-1.606137963934110076e+03
-1.627436912581882098e+03
-1.607999376431496330e+03
-1.615745303186179626e+03
-1.604384620082296124e+03
-1.600390457130290770e+03
-1.618734991893654296e+03
-1.617832416379573715e+03
-1.621799266215576381e+03
-1.610592506122211944e+03
-1.605940015635733289e+03
-1.603724767567221534e+03
-1.622966228174986327e+03
-1.616461048594867407e+03
-1.591291483427195544e+03
-1.587291327449310302e+03
-1.604473863829389529e+03
-1.613241911535956433e+03
-1.584670918732472956e+03
-1.595566506502514812e+03
-1.599068748103265989e+03
-1.608238350537960059e+03
-1.612848766850523816e+03
-1.609100213656735832e+03
-1.627280616151576396e+03
-1.602689211578972390e+03
-1.603494594221964007e+03
-1.603588800885405817e+03
-1.632047077679460244e+03
-1.589335156665075829e+03
-1.606005984410268866e+03
-1.602417784896554167e+03
-1.623512891035108169e+03
-1.620712575766463488e+03
-1.616310605111292034e+03
-1.623322874252525480e+03
-1.594915080606054516e+03
-1.616132748346616836e+03
-1.593043081146594886e+03
-1.601659156957361574e+03
-1.609931216502008510e+03
-1.622675763708813747e+03
-1.629160969199734154e+03
-1.624436353654731192e+03
-1.593107225639537319e+03
-1.634479802872102709e+03
-1.633708628030915861e+03
-1.611165798074507165e+03
-1.624616183615115233e+03
-1.613769458006908053e+03
-1.613422329329818695e+03
-1.602945029290385037e+03
-1.608533866933741137e+03
-1.621622589501002039e+03
-1.614968826721370988e+03
-1.610642559628743356e+03
-1.624891132910757051e+03
-1.611528976569360793e+03
-1.623243924326160140e+03
-1.618381366716105276e+03
-1.607537302897257860e+03
-1.601324240779160846e+03
-1.614802492042390440e+03
-1.613143184517170766e+03
-1.610653552971799400e+03
-1.601757620170657219e+03
-1.627798595292855680e+03
-1.621035039218235170e+03
-1.612259207431500045e+03
-1.622038639798047598e+03
-1.606560521131619453e+03
-1.626546063244562902e+03
-1.615232079627131043e+03
-1.629171722242117312e+03
-1.628522424958503279e+03
-1.616651300212820388e+03
-1.602965583626882108e+03
-1.617085766788119372e+03
-1.622603091387186169e+03
-1.607060942939115421e+03
-1.594630575888962539e+03
-1.633364755008996326e+03
-1.620342310139433266e+03
-1.601828546823301622e+03
-1.593256933098036370e+03
-1.616979442330836036e+03
-1.596634993286584404e+03
-1.613266411629128697e+03
-1.612797986108026862e+03
-1.619784599198499791e+03
-1.611431493710096902e+03
-1.601725249902374571e+03
-1.609893802431989570e+03
-1.589019373386810457e+03
-1.579707118102361164e+03
-1.610221684789880555e+03
-1.592602895007603138e+03
-1.617305947886109152e+03
-1.607923937896288635e+03
-1.589050397031592183e+03
-1.594592997097473017e+03
-1.593177987627469975e+03
-1.593542592430835384e+03
-1.623266412261463984e+03
-1.598233418855549871e+03
-1.588143286018456593e+03
-1.580740464611851394e+03
-1.586578249514763002e+03
-1.596396089754301784e+03
-1.594490121816883175e+03
-1.593565747149028539e+03
-1.606755686762622418e+03
