# Variable: erramp
# Sample shape: (754,)
# Date: 2011-11-02 01:32:59.525236
8.112807577634344181e-02
8.112807577634344181e-02
8.112807577634344181e-02
8.112807577634344181e-02
8.112807577634344181e-02
8.112807577634344181e-02
8.112807577634344181e-02
8.112807577634344181e-02
8.112807577634344181e-02
8.112807577634344181e-02
8.112807577634344181e-02
8.112807577634344181e-02
8.112807577634344181e-02
8.112807577634344181e-02
8.112807577634344181e-02
8.112807577634344181e-02
8.112807577634344181e-02
8.112807577634344181e-02
8.112807577634344181e-02
8.112807577634344181e-02
8.112807577634344181e-02
8.112807577634344181e-02
8.112807577634344181e-02
8.112807577634344181e-02
8.112807577634344181e-02
8.112807577634344181e-02
8.112807577634344181e-02
8.112807577634344181e-02
8.112807577634344181e-02
8.112807577634344181e-02
8.112807577634344181e-02
8.112807577634344181e-02
8.112807577634344181e-02
8.112807577634344181e-02
8.112807577634344181e-02
8.112807577634344181e-02
8.112807577634344181e-02
8.112807577634344181e-02
8.112807577634344181e-02
8.112807577634344181e-02
8.112807577634344181e-02
8.112807577634344181e-02
8.112807577634344181e-02
9.058163920639066002e-02
9.058163920639066002e-02
9.058163920639066002e-02
9.058163920639066002e-02
9.058163920639066002e-02
9.058163920639066002e-02
9.058163920639066002e-02
9.058163920639066002e-02
9.058163920639066002e-02
9.058163920639066002e-02
9.058163920639066002e-02
9.058163920639066002e-02
9.058163920639066002e-02
9.058163920639066002e-02
9.058163920639066002e-02
9.058163920639066002e-02
9.058163920639066002e-02
9.058163920639066002e-02
9.058163920639066002e-02
9.058163920639066002e-02
9.058163920639066002e-02
9.058163920639066002e-02
9.058163920639066002e-02
9.058163920639066002e-02
9.058163920639066002e-02
9.058163920639066002e-02
9.058163920639066002e-02
9.058163920639066002e-02
9.058163920639066002e-02
9.058163920639066002e-02
9.058163920639066002e-02
9.058163920639066002e-02
9.058163920639066002e-02
9.058163920639066002e-02
9.058163920639066002e-02
9.058163920639066002e-02
9.058163920639066002e-02
9.058163920639066002e-02
9.058163920639066002e-02
9.058163920639066002e-02
9.058163920639066002e-02
9.058163920639066002e-02
9.058163920639066002e-02
9.058163920639066002e-02
9.058163920639066002e-02
9.058163920639066002e-02
9.058163920639066002e-02
9.058163920639066002e-02
9.058163920639066002e-02
9.058163920639066002e-02
9.058163920639066002e-02
9.058163920639066002e-02
9.058163920639066002e-02
9.058163920639066002e-02
9.058163920639066002e-02
9.058163920639066002e-02
9.058163920639066002e-02
7.263974840500952990e-02
7.263974840500952990e-02
7.263974840500952990e-02
7.263974840500952990e-02
7.263974840500952990e-02
7.263974840500952990e-02
7.263974840500952990e-02
7.263974840500952990e-02
7.263974840500952990e-02
7.263974840500952990e-02
7.263974840500952990e-02
7.263974840500952990e-02
7.263974840500952990e-02
7.263974840500952990e-02
7.263974840500952990e-02
7.263974840500952990e-02
7.263974840500952990e-02
7.263974840500952990e-02
7.263974840500952990e-02
7.263974840500952990e-02
7.263974840500952990e-02
7.263974840500952990e-02
7.263974840500952990e-02
7.263974840500952990e-02
7.263974840500952990e-02
7.263974840500952990e-02
7.263974840500952990e-02
7.263974840500952990e-02
7.263974840500952990e-02
7.263974840500952990e-02
7.263974840500952990e-02
7.263974840500952990e-02
7.263974840500952990e-02
7.263974840500952990e-02
7.263974840500952990e-02
7.263974840500952990e-02
7.263974840500952990e-02
7.263974840500952990e-02
7.263974840500952990e-02
7.263974840500952990e-02
7.263974840500952990e-02
7.263974840500952990e-02
7.263974840500952990e-02
7.263974840500952990e-02
7.263974840500952990e-02
7.263974840500952990e-02
7.263974840500952990e-02
7.263974840500952990e-02
7.263974840500952990e-02
7.263974840500952990e-02
7.263974840500952990e-02
7.263974840500952990e-02
7.263974840500952990e-02
7.263974840500952990e-02
7.263974840500952990e-02
7.263974840500952990e-02
7.263974840500952990e-02
7.263974840500952990e-02
7.263974840500952990e-02
7.263974840500952990e-02
7.263974840500952990e-02
7.263974840500952990e-02
7.263974840500952990e-02
7.263974840500952990e-02
7.263974840500952990e-02
7.263974840500952990e-02
7.263974840500952990e-02
7.263974840500952990e-02
2.796665392935897623e-02
2.796665392935897623e-02
2.796665392935897623e-02
2.796665392935897623e-02
2.796665392935897623e-02
2.796665392935897623e-02
2.796665392935897623e-02
2.796665392935897623e-02
2.796665392935897623e-02
2.796665392935897623e-02
2.796665392935897623e-02
2.796665392935897623e-02
2.796665392935897623e-02
2.796665392935897623e-02
2.796665392935897623e-02
2.796665392935897623e-02
2.796665392935897623e-02
2.796665392935897623e-02
2.796665392935897623e-02
2.796665392935897623e-02
2.796665392935897623e-02
2.796665392935897623e-02
2.796665392935897623e-02
6.769202944717504777e-02
6.769202944717504777e-02
6.769202944717504777e-02
6.769202944717504777e-02
6.769202944717504777e-02
6.769202944717504777e-02
6.769202944717504777e-02
6.769202944717504777e-02
6.769202944717504777e-02
6.769202944717504777e-02
6.769202944717504777e-02
6.769202944717504777e-02
6.769202944717504777e-02
6.769202944717504777e-02
6.769202944717504777e-02
6.769202944717504777e-02
6.769202944717504777e-02
6.769202944717504777e-02
6.769202944717504777e-02
6.769202944717504777e-02
6.769202944717504777e-02
6.769202944717504777e-02
6.769202944717504777e-02
6.769202944717504777e-02
6.769202944717504777e-02
6.769202944717504777e-02
6.769202944717504777e-02
4.320204152385032775e-02
4.320204152385032775e-02
4.320204152385032775e-02
4.320204152385032775e-02
4.320204152385032775e-02
4.320204152385032775e-02
4.320204152385032775e-02
4.320204152385032775e-02
4.320204152385032775e-02
4.320204152385032775e-02
4.320204152385032775e-02
4.320204152385032775e-02
4.320204152385032775e-02
4.320204152385032775e-02
4.320204152385032775e-02
4.320204152385032775e-02
4.320204152385032775e-02
4.320204152385032775e-02
4.320204152385032775e-02
4.320204152385032775e-02
4.320204152385032775e-02
4.320204152385032775e-02
4.320204152385032775e-02
4.320204152385032775e-02
4.320204152385032775e-02
4.320204152385032775e-02
4.320204152385032775e-02
4.320204152385032775e-02
4.320204152385032775e-02
4.320204152385032775e-02
4.320204152385032775e-02
4.320204152385032775e-02
4.320204152385032775e-02
4.320204152385032775e-02
4.320204152385032775e-02
4.320204152385032775e-02
4.320204152385032775e-02
4.320204152385032775e-02
4.320204152385032775e-02
4.320204152385032775e-02
4.320204152385032775e-02
4.320204152385032775e-02
4.320204152385032775e-02
4.320204152385032775e-02
4.320204152385032775e-02
4.320204152385032775e-02
4.320204152385032775e-02
4.320204152385032775e-02
4.320204152385032775e-02
4.320204152385032775e-02
4.320204152385032775e-02
4.320204152385032775e-02
4.320204152385032775e-02
4.320204152385032775e-02
4.320204152385032775e-02
4.320204152385032775e-02
4.320204152385032775e-02
4.320204152385032775e-02
4.320204152385032775e-02
4.320204152385032775e-02
4.320204152385032775e-02
4.320204152385032775e-02
4.320204152385032775e-02
4.320204152385032775e-02
4.320204152385032775e-02
4.320204152385032775e-02
4.320204152385032775e-02
4.320204152385032775e-02
1.756655169986363549e-02
1.756655169986363549e-02
1.756655169986363549e-02
1.756655169986363549e-02
1.756655169986363549e-02
1.756655169986363549e-02
1.756655169986363549e-02
1.756655169986363549e-02
-5.945270346647451958e-03
-5.945270346647451958e-03
-5.945270346647451958e-03
-5.945270346647451958e-03
-5.945270346647451958e-03
-5.945270346647451958e-03
9.339122049203785192e-02
9.339122049203785192e-02
9.339122049203785192e-02
9.339122049203785192e-02
9.339122049203785192e-02
9.339122049203785192e-02
9.339122049203785192e-02
9.339122049203785192e-02
1.685536350414959805e-01
1.685536350414959805e-01
1.685536350414959805e-01
1.685536350414959805e-01
1.685536350414959805e-01
1.685536350414959805e-01
1.685536350414959805e-01
1.685536350414959805e-01
1.685536350414959805e-01
1.685536350414959805e-01
1.685536350414959805e-01
1.685536350414959805e-01
1.685536350414959805e-01
1.685536350414959805e-01
1.685536350414959805e-01
1.685536350414959805e-01
1.685536350414959805e-01
1.685536350414959805e-01
1.685536350414959805e-01
1.685536350414959805e-01
1.685536350414959805e-01
1.685536350414959805e-01
1.685536350414959805e-01
1.685536350414959805e-01
1.887211838179425269e-02
1.887211838179425269e-02
1.887211838179425269e-02
6.307682060415094327e-02
6.307682060415094327e-02
6.307682060415094327e-02
6.307682060415094327e-02
6.307682060415094327e-02
6.307682060415094327e-02
6.307682060415094327e-02
6.307682060415094327e-02
6.307682060415094327e-02
6.307682060415094327e-02
6.307682060415094327e-02
6.307682060415094327e-02
6.307682060415094327e-02
6.307682060415094327e-02
6.307682060415094327e-02
6.307682060415094327e-02
6.307682060415094327e-02
6.307682060415094327e-02
6.307682060415094327e-02
6.307682060415094327e-02
6.307682060415094327e-02
6.307682060415094327e-02
6.307682060415094327e-02
6.307682060415094327e-02
1.012258170971302024e-01
1.012258170971302024e-01
1.012258170971302024e-01
1.012258170971302024e-01
1.012258170971302024e-01
1.012258170971302024e-01
1.012258170971302024e-01
1.012258170971302024e-01
1.012258170971302024e-01
1.012258170971302024e-01
3.444834849055131154e-02
3.444834849055131154e-02
3.444834849055131154e-02
3.444834849055131154e-02
3.444834849055131154e-02
3.444834849055131154e-02
3.444834849055131154e-02
3.444834849055131154e-02
3.444834849055131154e-02
3.444834849055131154e-02
3.444834849055131154e-02
3.444834849055131154e-02
3.444834849055131154e-02
3.444834849055131154e-02
3.444834849055131154e-02
3.444834849055131154e-02
3.444834849055131154e-02
3.444834849055131154e-02
3.444834849055131154e-02
3.444834849055131154e-02
3.444834849055131154e-02
3.444834849055131154e-02
3.444834849055131154e-02
3.444834849055131154e-02
3.444834849055131154e-02
1.421480968617832132e-03
1.421480968617832132e-03
1.421480968617832132e-03
1.421480968617832132e-03
1.421480968617832132e-03
1.421480968617832132e-03
5.262772553740161993e-03
5.262772553740161993e-03
5.262772553740161993e-03
5.262772553740161993e-03
5.262772553740161993e-03
5.262772553740161993e-03
5.262772553740161993e-03
5.262772553740161993e-03
5.262772553740161993e-03
5.262772553740161993e-03
5.262772553740161993e-03
5.262772553740161993e-03
5.262772553740161993e-03
5.262772553740161993e-03
5.262772553740161993e-03
5.262772553740161993e-03
5.262772553740161993e-03
5.262772553740161993e-03
5.262772553740161993e-03
5.262772553740161993e-03
5.262772553740161993e-03
5.262772553740161993e-03
5.262772553740161993e-03
8.794457671706690238e-02
8.794457671706690238e-02
8.794457671706690238e-02
8.794457671706690238e-02
8.794457671706690238e-02
8.794457671706690238e-02
8.794457671706690238e-02
8.794457671706690238e-02
8.794457671706690238e-02
8.794457671706690238e-02
8.794457671706690238e-02
8.794457671706690238e-02
8.794457671706690238e-02
8.794457671706690238e-02
8.794457671706690238e-02
8.794457671706690238e-02
8.794457671706690238e-02
8.794457671706690238e-02
8.794457671706690238e-02
5.518084582011834743e-02
5.518084582011834743e-02
5.518084582011834743e-02
5.518084582011834743e-02
5.518084582011834743e-02
5.518084582011834743e-02
5.518084582011834743e-02
5.518084582011834743e-02
5.518084582011834743e-02
5.518084582011834743e-02
5.518084582011834743e-02
5.518084582011834743e-02
5.518084582011834743e-02
5.518084582011834743e-02
5.518084582011834743e-02
5.518084582011834743e-02
5.518084582011834743e-02
5.518084582011834743e-02
5.518084582011834743e-02
5.518084582011834743e-02
2.728172659015508025e-02
2.728172659015508025e-02
6.214442068268530989e-02
6.214442068268530989e-02
6.214442068268530989e-02
6.214442068268530989e-02
6.214442068268530989e-02
6.214442068268530989e-02
6.214442068268530989e-02
6.214442068268530989e-02
6.214442068268530989e-02
2.314027461602624278e-02
2.314027461602624278e-02
2.314027461602624278e-02
2.314027461602624278e-02
2.314027461602624278e-02
2.314027461602624278e-02
2.314027461602624278e-02
2.314027461602624278e-02
2.314027461602624278e-02
2.314027461602624278e-02
2.314027461602624278e-02
2.314027461602624278e-02
2.314027461602624278e-02
2.314027461602624278e-02
2.314027461602624278e-02
2.314027461602624278e-02
2.314027461602624278e-02
2.314027461602624278e-02
2.314027461602624278e-02
2.314027461602624278e-02
2.314027461602624278e-02
2.314027461602624278e-02
2.314027461602624278e-02
2.314027461602624278e-02
2.314027461602624278e-02
2.314027461602624278e-02
2.314027461602624278e-02
2.314027461602624278e-02
7.835803457788409476e-02
7.835803457788409476e-02
7.835803457788409476e-02
7.835803457788409476e-02
7.835803457788409476e-02
7.835803457788409476e-02
7.835803457788409476e-02
7.835803457788409476e-02
7.835803457788409476e-02
7.835803457788409476e-02
7.835803457788409476e-02
2.631596799531477765e-02
2.631596799531477765e-02
2.631596799531477765e-02
2.631596799531477765e-02
2.631596799531477765e-02
2.631596799531477765e-02
2.631596799531477765e-02
8.325346045153685093e-02
8.325346045153685093e-02
4.409515746918251516e-02
4.409515746918251516e-02
4.409515746918251516e-02
4.409515746918251516e-02
4.409515746918251516e-02
4.409515746918251516e-02
4.409515746918251516e-02
4.409515746918251516e-02
4.409515746918251516e-02
4.409515746918251516e-02
4.409515746918251516e-02
4.409515746918251516e-02
4.409515746918251516e-02
4.409515746918251516e-02
4.409515746918251516e-02
9.130911033588653969e-02
9.130911033588653969e-02
9.130911033588653969e-02
9.130911033588653969e-02
8.311484889947746979e-02
8.311484889947746979e-02
8.311484889947746979e-02
8.311484889947746979e-02
8.311484889947746979e-02
8.311484889947746979e-02
8.311484889947746979e-02
8.311484889947746979e-02
8.311484889947746979e-02
8.311484889947746979e-02
8.311484889947746979e-02
2.938612273292033963e-02
2.938612273292033963e-02
2.938612273292033963e-02
2.938612273292033963e-02
2.938612273292033963e-02
2.938612273292033963e-02
7.292966565450892391e-02
7.292966565450892391e-02
7.292966565450892391e-02
7.292966565450892391e-02
7.292966565450892391e-02
7.292966565450892391e-02
1.107841355885414020e-01
1.107841355885414020e-01
1.107841355885414020e-01
-2.029319966772215669e-02
-2.029319966772215669e-02
-2.029319966772215669e-02
-2.029319966772215669e-02
-2.029319966772215669e-02
-2.029319966772215669e-02
-2.029319966772215669e-02
-2.029319966772215669e-02
1.321849061873287268e-01
1.321849061873287268e-01
5.587097031836796290e-02
5.587097031836796290e-02
7.894176878715564172e-02
7.894176878715564172e-02
7.894176878715564172e-02
1.059260780374483846e-01
1.059260780374483846e-01
1.015941081908637751e-02
1.015941081908637751e-02
1.015941081908637751e-02
2.687323909320961726e-02
2.687323909320961726e-02
2.687323909320961726e-02
2.687323909320961726e-02
2.687323909320961726e-02
3.863818667553747116e-02
3.641814331065202498e-02
3.641814331065202498e-02
3.641814331065202498e-02
3.641814331065202498e-02
3.641814331065202498e-02
3.641814331065202498e-02
3.641814331065202498e-02
3.641814331065202498e-02
3.641814331065202498e-02
3.641814331065202498e-02
3.641814331065202498e-02
1.611377771789768154e-02
-2.748090898670338899e-04
-2.748090898670338899e-04
-2.748090898670338899e-04
-2.748090898670338899e-04
-2.748090898670338899e-04
-2.748090898670338899e-04
-2.748090898670338899e-04
-2.748090898670338899e-04
-2.748090898670338899e-04
-2.748090898670338899e-04
-2.748090898670338899e-04
-2.748090898670338899e-04
-2.748090898670338899e-04
-2.748090898670338899e-04
-2.748090898670338899e-04
-2.748090898670338899e-04
-2.748090898670338899e-04
-2.748090898670338899e-04
-2.748090898670338899e-04
3.808401629307099634e-02
3.808401629307099634e-02
6.955465109809116919e-02
6.955465109809116919e-02
6.955465109809116919e-02
6.955465109809116919e-02
6.955465109809116919e-02
6.955465109809116919e-02
7.670331069440575189e-02
7.670331069440575189e-02
7.670331069440575189e-02
7.670331069440575189e-02
7.670331069440575189e-02
7.670331069440575189e-02
7.670331069440575189e-02
7.670331069440575189e-02
7.670331069440575189e-02
7.670331069440575189e-02
7.670331069440575189e-02
7.670331069440575189e-02
7.670331069440575189e-02
7.670331069440575189e-02
7.670331069440575189e-02
7.670331069440575189e-02
7.670331069440575189e-02
7.670331069440575189e-02
7.670331069440575189e-02
7.670331069440575189e-02
7.670331069440575189e-02
7.670331069440575189e-02
7.670331069440575189e-02
7.670331069440575189e-02
7.670331069440575189e-02
7.670331069440575189e-02
7.670331069440575189e-02
7.670331069440575189e-02
7.670331069440575189e-02
7.670331069440575189e-02
7.670331069440575189e-02
7.670331069440575189e-02
7.670331069440575189e-02
7.670331069440575189e-02
7.670331069440575189e-02
7.670331069440575189e-02
7.670331069440575189e-02
7.670331069440575189e-02
7.670331069440575189e-02
7.670331069440575189e-02
7.670331069440575189e-02
7.670331069440575189e-02
7.670331069440575189e-02
7.670331069440575189e-02
7.670331069440575189e-02
7.670331069440575189e-02
7.670331069440575189e-02
7.670331069440575189e-02
7.670331069440575189e-02
7.670331069440575189e-02
7.670331069440575189e-02
7.670331069440575189e-02
5.893862382367485997e-02
5.893862382367485997e-02
5.893862382367485997e-02
5.893862382367485997e-02
5.893862382367485997e-02
5.893862382367485997e-02
5.893862382367485997e-02
5.893862382367485997e-02
5.893862382367485997e-02
5.893862382367485997e-02
5.893862382367485997e-02
5.893862382367485997e-02
5.893862382367485997e-02
1.084778736078649830e-01
8.911119692373938028e-02
8.911119692373938028e-02
8.911119692373938028e-02
8.911119692373938028e-02
8.911119692373938028e-02
8.911119692373938028e-02
8.911119692373938028e-02
8.911119692373938028e-02
2.259627636400338840e-02
2.259627636400338840e-02
2.259627636400338840e-02
2.259627636400338840e-02
2.259627636400338840e-02
2.259627636400338840e-02
2.259627636400338840e-02
2.259627636400338840e-02
2.259627636400338840e-02
2.259627636400338840e-02
2.259627636400338840e-02
2.259627636400338840e-02
2.259627636400338840e-02
2.259627636400338840e-02
2.259627636400338840e-02
2.259627636400338840e-02
8.831567406108403739e-02
8.831567406108403739e-02
8.831567406108403739e-02
8.831567406108403739e-02
8.831567406108403739e-02
8.831567406108403739e-02
8.831567406108403739e-02
8.831567406108403739e-02
8.831567406108403739e-02
8.288825042777799024e-02
8.288825042777799024e-02
8.288825042777799024e-02
8.288825042777799024e-02
8.288825042777799024e-02
8.288825042777799024e-02
8.288825042777799024e-02
8.288825042777799024e-02
8.288825042777799024e-02
8.288825042777799024e-02
8.288825042777799024e-02
8.288825042777799024e-02
8.288825042777799024e-02
8.288825042777799024e-02
8.288825042777799024e-02
8.288825042777799024e-02
1.327800135768050505e-01
1.327800135768050505e-01
1.327800135768050505e-01
1.327800135768050505e-01
1.327800135768050505e-01
1.327800135768050505e-01
1.327800135768050505e-01
1.327800135768050505e-01
