# Variable: invsigsq
# Sample shape: (754,)
# Date: 2011-11-02 01:32:59.543550
7.282671381991351334e-02
7.282671381991351334e-02
7.282671381991351334e-02
5.979830008119042806e-02
5.979830008119042806e-02
5.979830008119042806e-02
5.979830008119042806e-02
5.979830008119042806e-02
5.979830008119042806e-02
5.979830008119042806e-02
5.979830008119042806e-02
5.979830008119042806e-02
6.271408917040527387e-02
7.399137140003354818e-02
7.399137140003354818e-02
7.461859107563388605e-02
7.461859107563388605e-02
7.126740361987135564e-02
7.126740361987135564e-02
7.301765011532826422e-02
7.301765011532826422e-02
7.301765011532826422e-02
7.301765011532826422e-02
7.953110195595691767e-02
7.953110195595691767e-02
8.430974267280633150e-02
8.430974267280633150e-02
7.445071766308965222e-02
6.260990467660701442e-02
6.260990467660701442e-02
6.260990467660701442e-02
6.260990467660701442e-02
6.260990467660701442e-02
6.260990467660701442e-02
4.677016676268319628e-02
4.677016676268319628e-02
4.677016676268319628e-02
4.677016676268319628e-02
5.631502818520996850e-02
5.245838089556531525e-02
5.245838089556531525e-02
5.245838089556531525e-02
5.245838089556531525e-02
5.245838089556531525e-02
4.972597351684686362e-02
4.972597351684686362e-02
4.972597351684686362e-02
5.018641649329438903e-02
5.018641649329438903e-02
5.329151008739305140e-02
5.329151008739305140e-02
5.298972571833240885e-02
5.557098747287969598e-02
6.219626627730204249e-02
5.903714345977466305e-02
5.903714345977466305e-02
5.903714345977466305e-02
6.409743175047026564e-02
8.402628420702304424e-02
8.324990843719162759e-02
8.885228369744518906e-02
1.100701848302559627e-01
1.106123461507963479e-01
1.022838897298537497e-01
1.022838897298537497e-01
1.022838897298537497e-01
1.112969430388323355e-01
1.112969430388323355e-01
1.023544984604235902e-01
1.023544984604235902e-01
1.023544984604235902e-01
1.023544984604235902e-01
1.143272397648282118e-01
1.143272397648282118e-01
1.143272397648282118e-01
1.143272397648282118e-01
1.141320026394218173e-01
1.066768477625275463e-01
1.066768477625275463e-01
1.048138007662923893e-01
1.048138007662923893e-01
1.048138007662923893e-01
1.075414860877928896e-01
1.075414860877928896e-01
1.075414860877928896e-01
1.075414860877928896e-01
1.075414860877928896e-01
1.062891333029933327e-01
1.062891333029933327e-01
1.062891333029933327e-01
1.062891333029933327e-01
1.062891333029933327e-01
9.407203139315788165e-02
9.712655624352493910e-02
9.712655624352493910e-02
8.968290453152198693e-02
8.362011906064532873e-02
8.362011906064532873e-02
8.286145502380691530e-02
7.065198340665380938e-02
7.065198340665380938e-02
7.065198340665380938e-02
7.065198340665380938e-02
7.065198340665380938e-02
7.065198340665380938e-02
7.113318642068691688e-02
7.113318642068691688e-02
7.113318642068691688e-02
7.113318642068691688e-02
5.906052893995411557e-02
6.614235707622277693e-02
6.614235707622277693e-02
7.122736797164273825e-02
7.122736797164273825e-02
6.363591185036779341e-02
6.363591185036779341e-02
6.363591185036779341e-02
6.363591185036779341e-02
6.363591185036779341e-02
6.363591185036779341e-02
6.363591185036779341e-02
6.363591185036779341e-02
6.673896286666514133e-02
6.673896286666514133e-02
7.579824413297801822e-02
7.579824413297801822e-02
7.579824413297801822e-02
7.812095451353488762e-02
7.812095451353488762e-02
7.812095451353488762e-02
7.812095451353488762e-02
7.812095451353488762e-02
8.414727335626071003e-02
9.711351517289766588e-02
8.905452089536834703e-02
8.496865576785031515e-02
8.663088536102626913e-02
8.663088536102626913e-02
9.744608840873560107e-02
9.744608840873560107e-02
9.744608840873560107e-02
9.744608840873560107e-02
9.744608840873560107e-02
9.744608840873560107e-02
1.006766184033683481e-01
1.061929544441819195e-01
1.061929544441819195e-01
1.061929544441819195e-01
1.061929544441819195e-01
1.061929544441819195e-01
1.158623519218467957e-01
1.158623519218467957e-01
1.110475104465598328e-01
1.110475104465598328e-01
1.110475104465598328e-01
1.110475104465598328e-01
1.110475104465598328e-01
1.110475104465598328e-01
1.110475104465598328e-01
9.804436689602184785e-02
9.616268742247727208e-02
1.048982483238514313e-01
1.204440991083597368e-01
1.221762469899626696e-01
1.221762469899626696e-01
1.221762469899626696e-01
1.221762469899626696e-01
1.221762469899626696e-01
1.221762469899626696e-01
1.221762469899626696e-01
1.189035880505867337e-01
1.097703931622719259e-01
1.097703931622719259e-01
1.097703931622719259e-01
1.097703931622719259e-01
1.097703931622719259e-01
1.091581250829106592e-01
1.140141078133222879e-01
1.140141078133222879e-01
1.138067960705297643e-01
1.231651804292782371e-01
1.231651804292782371e-01
1.231651804292782371e-01
1.231651804292782371e-01
1.231651804292782371e-01
1.172031738921787691e-01
1.172031738921787691e-01
1.180433737957016227e-01
1.180433737957016227e-01
1.271829828274790575e-01
1.322875761256637195e-01
1.185968022787241838e-01
1.149353853667084424e-01
1.149353853667084424e-01
1.334460132590327419e-01
1.389342805033816630e-01
1.389342805033816630e-01
1.389342805033816630e-01
1.389342805033816630e-01
1.405212740754906986e-01
1.405212740754906986e-01
1.410106735137532097e-01
1.408149908719194821e-01
1.408149908719194821e-01
1.372957917177926035e-01
1.355843203577789258e-01
1.287933305411455287e-01
1.287933305411455287e-01
1.345960029082964304e-01
1.345960029082964304e-01
1.345960029082964304e-01
1.316313253599821764e-01
1.194638702628228744e-01
1.194638702628228744e-01
1.168391505900093358e-01
1.168391505900093358e-01
1.168391505900093358e-01
1.168391505900093358e-01
1.163224432365401462e-01
1.130401248324432451e-01
1.130401248324432451e-01
9.934800245005523389e-02
9.934800245005523389e-02
9.934800245005523389e-02
9.934800245005523389e-02
9.934800245005523389e-02
9.934800245005523389e-02
9.934800245005523389e-02
9.934800245005523389e-02
9.934800245005523389e-02
9.943609285512819418e-02
9.193695698589711418e-02
9.193695698589711418e-02
9.193695698589711418e-02
8.790915896207114610e-02
9.487132886350144179e-02
9.487132886350144179e-02
9.487132886350144179e-02
9.487132886350144179e-02
9.487132886350144179e-02
9.487132886350144179e-02
9.632371226053056124e-02
9.659132712506984797e-02
9.659132712506984797e-02
9.659132712506984797e-02
9.659132712506984797e-02
9.542097970182805700e-02
9.542097970182805700e-02
9.542097970182805700e-02
9.538799356659977136e-02
9.538799356659977136e-02
9.538799356659977136e-02
9.538799356659977136e-02
9.538799356659977136e-02
9.538799356659977136e-02
9.538799356659977136e-02
9.538799356659977136e-02
8.870260014229157386e-02
9.565262631851802200e-02
9.565262631851802200e-02
9.565262631851802200e-02
9.565262631851802200e-02
9.565262631851802200e-02
9.565262631851802200e-02
9.565262631851802200e-02
9.565262631851802200e-02
9.565262631851802200e-02
9.565262631851802200e-02
9.565262631851802200e-02
9.216256581912757317e-02
9.216256581912757317e-02
9.216256581912757317e-02
9.216256581912757317e-02
9.835345020725155818e-02
9.865785727370904312e-02
9.865785727370904312e-02
9.865785727370904312e-02
9.865785727370904312e-02
1.003969491073896797e-01
1.003969491073896797e-01
1.003969491073896797e-01
1.141145514019020896e-01
1.160290232620055789e-01
1.160290232620055789e-01
1.063855803947263562e-01
1.087315768638940638e-01
1.087315768638940638e-01
1.060313592210244404e-01
1.060313592210244404e-01
1.060313592210244404e-01
1.061742188787712510e-01
1.061742188787712510e-01
1.213843124962054459e-01
1.265434933485863334e-01
1.357651361780175536e-01
1.357651361780175536e-01
1.180229795677554261e-01
1.180229795677554261e-01
1.180229795677554261e-01
1.180229795677554261e-01
1.180229795677554261e-01
1.206882185262746210e-01
1.206882185262746210e-01
1.206882185262746210e-01
1.243100781578772851e-01
1.243100781578772851e-01
1.140306128582028594e-01
1.140306128582028594e-01
1.140306128582028594e-01
1.111984064356712071e-01
1.111984064356712071e-01
9.891837466629879727e-02
9.891837466629879727e-02
9.891837466629879727e-02
1.025984959357784942e-01
1.099483199842061637e-01
1.099483199842061637e-01
1.134899657696389341e-01
1.134899657696389341e-01
1.134899657696389341e-01
1.134899657696389341e-01
1.109375656709876423e-01
1.109375656709876423e-01
1.109375656709876423e-01
1.098626717269999553e-01
1.098626717269999553e-01
1.098626717269999553e-01
1.031361802195701061e-01
1.031361802195701061e-01
1.031361802195701061e-01
1.041123272684548740e-01
1.041123272684548740e-01
1.041123272684548740e-01
1.039628916580288415e-01
1.039628916580288415e-01
1.039628916580288415e-01
1.000587934264048490e-01
1.000587934264048490e-01
1.000587934264048490e-01
1.054584737226823138e-01
1.054584737226823138e-01
9.956253334183741421e-02
9.956253334183741421e-02
9.956253334183741421e-02
9.956253334183741421e-02
1.054280607836407951e-01
1.054280607836407951e-01
9.592515850298435898e-02
9.592515850298435898e-02
9.592515850298435898e-02
9.592515850298435898e-02
1.045587648110431478e-01
1.056911242994812289e-01
1.056911242994812289e-01
9.872006597844572295e-02
9.872006597844572295e-02
8.167848796879366435e-02
8.270852028656525134e-02
8.270852028656525134e-02
8.270852028656525134e-02
8.270852028656525134e-02
8.270852028656525134e-02
8.270852028656525134e-02
8.270852028656525134e-02
8.270852028656525134e-02
9.494667122031717754e-02
9.846307513018207058e-02
7.144229876043720062e-02
7.144229876043720062e-02
7.144229876043720062e-02
7.144229876043720062e-02
7.144229876043720062e-02
7.144229876043720062e-02
7.144229876043720062e-02
7.144229876043720062e-02
7.144229876043720062e-02
7.144229876043720062e-02
7.144229876043720062e-02
7.144229876043720062e-02
7.144229876043720062e-02
7.144229876043720062e-02
7.144229876043720062e-02
7.144229876043720062e-02
7.144229876043720062e-02
6.918262093647910282e-02
6.918262093647910282e-02
6.781332028168082782e-02
6.781332028168082782e-02
6.781332028168082782e-02
6.781332028168082782e-02
6.282632545643769550e-02
6.431667196820631260e-02
6.431667196820631260e-02
6.431667196820631260e-02
5.448447518361875658e-02
5.279531035556010027e-02
5.279531035556010027e-02
5.279531035556010027e-02
5.279531035556010027e-02
4.948861440153629748e-02
4.948861440153629748e-02
4.948861440153629748e-02
4.840240103565159741e-02
4.840240103565159741e-02
4.894466740457705661e-02
4.894466740457705661e-02
4.894466740457705661e-02
4.894466740457705661e-02
4.525381194720927425e-02
4.525381194720927425e-02
5.988562291404046778e-02
5.988562291404046778e-02
5.988562291404046778e-02
5.988562291404046778e-02
5.835361390728498882e-02
5.835361390728498882e-02
5.835361390728498882e-02
6.160151470441112970e-02
6.391719132857434649e-02
6.391719132857434649e-02
6.391719132857434649e-02
6.391719132857434649e-02
6.391719132857434649e-02
6.391719132857434649e-02
6.391719132857434649e-02
6.391719132857434649e-02
6.540119683592478250e-02
6.540119683592478250e-02
6.251226901444384421e-02
6.251226901444384421e-02
6.251226901444384421e-02
6.966882478601167661e-02
6.966882478601167661e-02
6.966882478601167661e-02
6.966882478601167661e-02
6.966882478601167661e-02
6.057464351833935501e-02
6.057464351833935501e-02
6.057464351833935501e-02
5.663614352170034255e-02
5.663614352170034255e-02
5.663614352170034255e-02
5.663614352170034255e-02
5.663614352170034255e-02
5.663614352170034255e-02
5.663614352170034255e-02
6.275645549084933605e-02
6.275645549084933605e-02
6.495393162131003761e-02
6.523773330953401561e-02
6.523773330953401561e-02
6.523773330953401561e-02
6.523773330953401561e-02
6.523773330953401561e-02
6.523773330953401561e-02
6.586450631078960560e-02
6.715710196683385980e-02
6.715710196683385980e-02
6.715710196683385980e-02
6.715710196683385980e-02
7.987716764715327433e-02
7.912855067100114936e-02
8.067689374594365359e-02
7.861969519256697958e-02
7.861969519256697958e-02
7.861969519256697958e-02
7.861969519256697958e-02
7.861969519256697958e-02
7.861969519256697958e-02
8.257255089431464468e-02
9.340739632199662745e-02
9.575909634294073325e-02
9.837863022502968402e-02
9.901114026687821146e-02
9.901114026687821146e-02
8.782822245252397408e-02
8.782822245252397408e-02
8.782822245252397408e-02
8.782822245252397408e-02
7.926041807294027797e-02
8.553885550261426662e-02
8.553885550261426662e-02
8.553885550261426662e-02
8.296309861114180284e-02
8.296309861114180284e-02
7.521671604486525331e-02
8.378697098238593877e-02
9.282961659828135870e-02
8.395049686485897555e-02
8.395049686485897555e-02
8.395049686485897555e-02
8.395049686485897555e-02
8.395049686485897555e-02
8.395049686485897555e-02
8.476109946332793799e-02
8.538530083401690840e-02
8.538530083401690840e-02
8.227896432098562307e-02
8.227896432098562307e-02
8.227896432098562307e-02
8.950567961805176720e-02
9.231471193823032051e-02
8.872678556174889986e-02
8.872678556174889986e-02
8.579205979863538389e-02
8.579205979863538389e-02
8.172185543643403771e-02
8.172185543643403771e-02
8.172185543643403771e-02
8.172185543643403771e-02
8.172185543643403771e-02
8.172185543643403771e-02
9.017150754686112379e-02
9.017150754686112379e-02
9.064516055400317907e-02
9.064516055400317907e-02
9.064516055400317907e-02
7.965586190277711143e-02
9.958148534528096785e-02
9.958148534528096785e-02
9.958148534528096785e-02
9.958148534528096785e-02
9.756455648728092067e-02
9.468511970353409024e-02
9.468511970353409024e-02
9.855450449886815623e-02
9.855450449886815623e-02
9.855450449886815623e-02
9.261290190618561013e-02
9.261290190618561013e-02
9.697152377602430429e-02
9.697152377602430429e-02
9.697152377602430429e-02
1.155817565621561904e-01
1.155817565621561904e-01
1.155817565621561904e-01
1.171584805272629648e-01
1.301843603224048240e-01
1.323570746228131534e-01
1.323570746228131534e-01
1.323570746228131534e-01
1.323570746228131534e-01
1.397814026180520530e-01
1.397814026180520530e-01
1.397814026180520530e-01
1.397814026180520530e-01
1.397814026180520530e-01
1.397814026180520530e-01
1.549863162009674500e-01
1.549863162009674500e-01
1.484961220810143701e-01
1.324042875571458666e-01
1.303096773423339239e-01
1.303096773423339239e-01
1.229534320892038263e-01
1.490809985570468454e-01
1.490809985570468454e-01
1.527797672792222672e-01
1.472959876421602310e-01
1.496077062828716220e-01
1.360469296308088327e-01
1.446176360251167081e-01
1.236981886891318078e-01
1.236981886891318078e-01
1.236981886891318078e-01
1.236981886891318078e-01
1.236981886891318078e-01
1.224581853572589557e-01
1.224581853572589557e-01
1.224581853572589557e-01
1.082048560141234267e-01
1.034035853327974208e-01
9.351586489824273429e-02
9.682148662408963935e-02
9.682148662408963935e-02
1.023931247871518319e-01
1.023931247871518319e-01
1.023931247871518319e-01
1.070692566891644354e-01
1.070692566891644354e-01
1.070692566891644354e-01
1.078757654869783589e-01
7.859246168726691240e-02
8.117479928150551916e-02
8.117479928150551916e-02
8.117479928150551916e-02
8.117479928150551916e-02
8.117479928150551916e-02
9.423364329000925854e-02
9.423364329000925854e-02
9.423364329000925854e-02
9.423364329000925854e-02
8.495559080299427968e-02
8.495559080299427968e-02
8.858315162479170335e-02
8.767551770492348906e-02
8.767551770492348906e-02
8.308517946860682901e-02
8.308517946860682901e-02
7.789694848916281500e-02
7.789694848916281500e-02
7.789694848916281500e-02
7.477648850284027149e-02
7.477648850284027149e-02
7.477648850284027149e-02
7.477648850284027149e-02
7.477648850284027149e-02
7.477648850284027149e-02
7.477648850284027149e-02
7.107853693651039473e-02
7.619200633064014683e-02
7.619200633064014683e-02
7.619200633064014683e-02
7.619200633064014683e-02
8.806878258146257077e-02
8.388441455845024874e-02
9.306450479896317962e-02
1.015212674097602658e-01
1.015212674097602658e-01
1.189761226534518102e-01
1.073710601769418821e-01
1.073710601769418821e-01
1.073710601769418821e-01
1.084817935558580332e-01
1.084817935558580332e-01
1.084817935558580332e-01
1.067326047453684423e-01
1.126441721061542528e-01
1.126441721061542528e-01
1.126441721061542528e-01
1.126441721061542528e-01
1.126441721061542528e-01
1.126441721061542528e-01
1.126441721061542528e-01
1.064459607257243895e-01
9.772223539062306619e-02
9.772223539062306619e-02
9.772223539062306619e-02
8.797191586740255032e-02
8.797191586740255032e-02
8.797191586740255032e-02
8.797191586740255032e-02
8.797191586740255032e-02
7.796844592445201227e-02
7.796844592445201227e-02
7.917787182315684513e-02
8.093990962757309504e-02
7.798114050678624232e-02
8.436583015897113069e-02
9.678193871447682284e-02
9.678193871447682284e-02
1.077882699338191669e-01
1.032780132114030219e-01
1.032780132114030219e-01
1.024566073592879240e-01
1.055611996950926862e-01
1.055611996950926862e-01
8.146129725063791516e-02
8.146129725063791516e-02
8.146129725063791516e-02
8.146129725063791516e-02
8.519164972873682906e-02
8.519164972873682906e-02
7.795716815605252537e-02
7.795716815605252537e-02
7.945883069445804081e-02
8.132380644791810387e-02
8.132380644791810387e-02
8.440526406170166529e-02
8.440526406170166529e-02
8.440526406170166529e-02
9.134960481331716453e-02
6.840153641003766938e-02
6.840153641003766938e-02
7.351654187697545528e-02
7.351654187697545528e-02
7.351654187697545528e-02
7.494336490464967304e-02
7.494336490464967304e-02
7.303707420954559659e-02
7.303707420954559659e-02
7.535682625684959890e-02
7.535682625684959890e-02
7.535682625684959890e-02
7.280534518752940221e-02
7.280534518752940221e-02
7.280534518752940221e-02
7.280534518752940221e-02
7.280534518752940221e-02
7.280534518752940221e-02
7.280534518752940221e-02
7.280534518752940221e-02
7.280534518752940221e-02
7.280534518752940221e-02
7.280534518752940221e-02
6.964277892063977515e-02
6.964277892063977515e-02
6.964277892063977515e-02
7.508420706473266371e-02
7.508420706473266371e-02
7.508420706473266371e-02
7.508420706473266371e-02
7.508420706473266371e-02
7.508420706473266371e-02
7.508420706473266371e-02
7.508420706473266371e-02
7.508420706473266371e-02
7.062803929920906387e-02
6.376446943647168242e-02
6.376446943647168242e-02
6.394060340625627725e-02
6.394060340625627725e-02
6.265836527323342953e-02
6.265836527323342953e-02
6.265836527323342953e-02
6.265836527323342953e-02
6.265836527323342953e-02
6.265836527323342953e-02
6.139448313206899432e-02
6.139448313206899432e-02
6.139448313206899432e-02
5.023677902235658410e-02
5.023677902235658410e-02
4.919033206470352360e-02
4.919033206470352360e-02
4.697494857572338117e-02
4.697494857572338117e-02
4.697494857572338117e-02
6.145399915289725262e-02
6.145399915289725262e-02
6.145399915289725262e-02
6.145399915289725262e-02
6.145399915289725262e-02
6.145399915289725262e-02
6.145399915289725262e-02
6.371064469873545522e-02
6.371064469873545522e-02
6.162012566830855215e-02
6.162012566830855215e-02
6.162012566830855215e-02
6.162012566830855215e-02
6.162012566830855215e-02
6.162012566830855215e-02
6.162012566830855215e-02
6.162012566830855215e-02
6.162012566830855215e-02
6.162012566830855215e-02
6.162012566830855215e-02
6.162012566830855215e-02
6.674312696082815299e-02
6.674312696082815299e-02
6.674312696082815299e-02
7.162432508987065516e-02
7.162432508987065516e-02
