# Variable: sigma
# Sample shape: (754,)
# Date: 2011-11-02 01:32:59.572779
3.705566770365851692e+00
3.705566770365851692e+00
3.705566770365851692e+00
4.089362224570797899e+00
4.089362224570797899e+00
4.089362224570797899e+00
4.089362224570797899e+00
4.089362224570797899e+00
4.089362224570797899e+00
4.089362224570797899e+00
4.089362224570797899e+00
4.089362224570797899e+00
3.993166696779026914e+00
3.676287449242754857e+00
3.676287449242754857e+00
3.660804003387894578e+00
3.660804003387894578e+00
3.745885786734983292e+00
3.745885786734983292e+00
3.700718693700176587e+00
3.700718693700176587e+00
3.700718693700176587e+00
3.700718693700176587e+00
3.545940957734249999e+00
3.545940957734249999e+00
3.443983944240828876e+00
3.443983944240828876e+00
3.664928917446731660e+00
3.996487681912567425e+00
3.996487681912567425e+00
3.996487681912567425e+00
3.996487681912567425e+00
3.996487681912567425e+00
3.996487681912567425e+00
4.623975675326360779e+00
4.623975675326360779e+00
4.623975675326360779e+00
4.623975675326360779e+00
4.213935143302452779e+00
4.366088745012072891e+00
4.366088745012072891e+00
4.366088745012072891e+00
4.366088745012072891e+00
4.366088745012072891e+00
4.484441395290857280e+00
4.484441395290857280e+00
4.484441395290857280e+00
4.463822395536737098e+00
4.463822395536737098e+00
4.331825830318529746e+00
4.331825830318529746e+00
4.344143513643397903e+00
4.242051561126706005e+00
4.009755048808007594e+00
4.115639551014023567e+00
4.115639551014023567e+00
4.115639551014023567e+00
3.949841656220550501e+00
3.449788107112419233e+00
3.465836872023933868e+00
3.354792803314744276e+00
3.014152018439669956e+00
3.006756080942868170e+00
3.126773210230877620e+00
3.126773210230877620e+00
3.126773210230877620e+00
2.997494411461937069e+00
2.997494411461937069e+00
3.125694529864254001e+00
3.125694529864254001e+00
3.125694529864254001e+00
3.125694529864254001e+00
2.957502639098715580e+00
2.957502639098715580e+00
2.957502639098715580e+00
2.957502639098715580e+00
2.960031148089824260e+00
3.061716064974396190e+00
3.061716064974396190e+00
3.088806945372423840e+00
3.088806945372423840e+00
3.088806945372423840e+00
3.049383058883029740e+00
3.049383058883029740e+00
3.049383058883029740e+00
3.049383058883029740e+00
3.049383058883029740e+00
3.067295144378600735e+00
3.067295144378600735e+00
3.067295144378600735e+00
3.067295144378600735e+00
3.067295144378600735e+00
3.260391399517265310e+00
3.208713967410885548e+00
3.208713967410885548e+00
3.339221034241806496e+00
3.458156226810010114e+00
3.458156226810010114e+00
3.473951271972594235e+00
3.762164844654387608e+00
3.762164844654387608e+00
3.762164844654387608e+00
3.762164844654387608e+00
3.762164844654387608e+00
3.762164844654387608e+00
3.749418071657565132e+00
3.749418071657565132e+00
3.749418071657565132e+00
3.749418071657565132e+00
4.114824660442260473e+00
3.888303589197818155e+00
3.888303589197818155e+00
3.746938387035434914e+00
3.746938387035434914e+00
3.964138907576066906e+00
3.964138907576066906e+00
3.964138907576066906e+00
3.964138907576066906e+00
3.964138907576066906e+00
3.964138907576066906e+00
3.964138907576066906e+00
3.964138907576066906e+00
3.870885037835730014e+00
3.870885037835730014e+00
3.632205630768249094e+00
3.632205630768249094e+00
3.632205630768249094e+00
3.577801398460530358e+00
3.577801398460530358e+00
3.577801398460530358e+00
3.577801398460530358e+00
3.577801398460530358e+00
3.447307117224735595e+00
3.208929404266820828e+00
3.350981376817276924e+00
3.430604288568444460e+00
3.397532529550022939e+00
3.397532529550022939e+00
3.203448855104266357e+00
3.203448855104266357e+00
3.203448855104266357e+00
3.203448855104266357e+00
3.203448855104266357e+00
3.203448855104266357e+00
3.151633369429560183e+00
3.068683853173213016e+00
3.068683853173213016e+00
3.068683853173213016e+00
3.068683853173213016e+00
3.068683853173213016e+00
2.937844669590630176e+00
2.937844669590630176e+00
3.000858977752039802e+00
3.000858977752039802e+00
3.000858977752039802e+00
3.000858977752039802e+00
3.000858977752039802e+00
3.000858977752039802e+00
3.000858977752039802e+00
3.193659984452872802e+00
3.224754845923202939e+00
3.087563384469885541e+00
2.881424444768783122e+00
2.860925902709560376e+00
2.860925902709560376e+00
2.860925902709560376e+00
2.860925902709560376e+00
2.860925902709560376e+00
2.860925902709560376e+00
2.860925902709560376e+00
2.900030195988732906e+00
3.018265156387395898e+00
3.018265156387395898e+00
3.018265156387395898e+00
3.018265156387395898e+00
3.018265156387395898e+00
3.026718046678145146e+00
2.961561143798943530e+00
2.961561143798943530e+00
2.964257323094206420e+00
2.849417100173798900e+00
2.849417100173798900e+00
2.849417100173798900e+00
2.849417100173798900e+00
2.849417100173798900e+00
2.920991637778155958e+00
2.920991637778155958e+00
2.910577670721277599e+00
2.910577670721277599e+00
2.804048343457281600e+00
2.749416093654341253e+00
2.903778667142988379e+00
2.949667899136754201e+00
2.949667899136754201e+00
2.737456320401205900e+00
2.682843205909193784e+00
2.682843205909193784e+00
2.682843205909193784e+00
2.682843205909193784e+00
2.667650686497146317e+00
2.667650686497146317e+00
2.663017414913582126e+00
2.664867095006090647e+00
2.664867095006090647e+00
2.698804260607920558e+00
2.715784252718854486e+00
2.786463207450899482e+00
2.786463207450899482e+00
2.725736806146454860e+00
2.725736806146454860e+00
2.725736806146454860e+00
2.756261208782411654e+00
2.893221673383338910e+00
2.893221673383338910e+00
2.925538410389156851e+00
2.925538410389156851e+00
2.925538410389156851e+00
2.925538410389156851e+00
2.932028869974618868e+00
2.974292567081323391e+00
2.974292567081323391e+00
3.172637332825186007e+00
3.172637332825186007e+00
3.172637332825186007e+00
3.172637332825186007e+00
3.172637332825186007e+00
3.172637332825186007e+00
3.172637332825186007e+00
3.172637332825186007e+00
3.172637332825186007e+00
3.171231702209708736e+00
3.298032549281492809e+00
3.298032549281492809e+00
3.298032549281492809e+00
3.372740575748458536e+00
3.246627837574226572e+00
3.246627837574226572e+00
3.246627837574226572e+00
3.246627837574226572e+00
3.246627837574226572e+00
3.246627837574226572e+00
3.222058298982878544e+00
3.217591703486569088e+00
3.217591703486569088e+00
3.217591703486569088e+00
3.217591703486569088e+00
3.237263602555752406e+00
3.237263602555752406e+00
3.237263602555752406e+00
3.237823293459969332e+00
3.237823293459969332e+00
3.237823293459969332e+00
3.237823293459969332e+00
3.237823293459969332e+00
3.237823293459969332e+00
3.237823293459969332e+00
3.237823293459969332e+00
3.357622177237733485e+00
3.233341307066518233e+00
3.233341307066518233e+00
3.233341307066518233e+00
3.233341307066518233e+00
3.233341307066518233e+00
3.233341307066518233e+00
3.233341307066518233e+00
3.233341307066518233e+00
3.233341307066518233e+00
3.233341307066518233e+00
3.233341307066518233e+00
3.293993375759249442e+00
3.293993375759249442e+00
3.293993375759249442e+00
3.293993375759249442e+00
3.188637874212690626e+00
3.183714831022922631e+00
3.183714831022922631e+00
3.183714831022922631e+00
3.183714831022922631e+00
3.156019967436950679e+00
3.156019967436950679e+00
3.156019967436950679e+00
2.960257474317442128e+00
2.935733859452436700e+00
2.935733859452436700e+00
3.065904454144618541e+00
3.032649062926624950e+00
3.032649062926624950e+00
3.071021349662296895e+00
3.071021349662296895e+00
3.071021349662296895e+00
3.068954592113188884e+00
3.068954592113188884e+00
2.870243344379892925e+00
2.811124565367738359e+00
2.713975171312399848e+00
2.713975171312399848e+00
2.910829132007124009e+00
2.910829132007124009e+00
2.910829132007124009e+00
2.910829132007124009e+00
2.910829132007124009e+00
2.878508800932126466e+00
2.878508800932126466e+00
2.878508800932126466e+00
2.836265160110531536e+00
2.836265160110531536e+00
2.961346804564622737e+00
2.961346804564622737e+00
2.961346804564622737e+00
2.998822207079771651e+00
2.998822207079771651e+00
3.179519655416249702e+00
3.179519655416249702e+00
3.179519655416249702e+00
3.121975588649469557e+00
3.015821973221787022e+00
3.015821973221787022e+00
2.968392102667068766e+00
2.968392102667068766e+00
2.968392102667068766e+00
2.968392102667068766e+00
3.002345611523331126e+00
3.002345611523331126e+00
3.002345611523331126e+00
3.016997302245538748e+00
3.016997302245538748e+00
3.016997302245538748e+00
3.113826989611256923e+00
3.113826989611256923e+00
3.113826989611256923e+00
3.099195142730575725e+00
3.099195142730575725e+00
3.099195142730575725e+00
3.101421724759113818e+00
3.101421724759113818e+00
3.101421724759113818e+00
3.161348464183504792e+00
3.161348464183504792e+00
3.161348464183504792e+00
3.079351456610146975e+00
3.079351456610146975e+00
3.169217392950943957e+00
3.169217392950943957e+00
3.169217392950943957e+00
3.169217392950943957e+00
3.079795576393979939e+00
3.079795576393979939e+00
3.228744930270770475e+00
3.228744930270770475e+00
3.228744930270770475e+00
3.228744930270770475e+00
3.092571704114953857e+00
3.075960407553882003e+00
3.075960407553882003e+00
3.182711559879702889e+00
3.182711559879702889e+00
3.499017827750440013e+00
3.477161596927045739e+00
3.477161596927045739e+00
3.477161596927045739e+00
3.477161596927045739e+00
3.477161596927045739e+00
3.477161596927045739e+00
3.477161596927045739e+00
3.477161596927045739e+00
3.245339445181245175e+00
3.186862327745511703e+00
3.741297897780037740e+00
3.741297897780037740e+00
3.741297897780037740e+00
3.741297897780037740e+00
3.741297897780037740e+00
3.741297897780037740e+00
3.741297897780037740e+00
3.741297897780037740e+00
3.741297897780037740e+00
3.741297897780037740e+00
3.741297897780037740e+00
3.741297897780037740e+00
3.741297897780037740e+00
3.741297897780037740e+00
3.741297897780037740e+00
3.741297897780037740e+00
3.741297897780037740e+00
3.801907046616276986e+00
3.801907046616276986e+00
3.840099660432170214e+00
3.840099660432170214e+00
3.840099660432170214e+00
3.840099660432170214e+00
3.989598299792375347e+00
3.943103874669850128e+00
3.943103874669850128e+00
3.943103874669850128e+00
4.284139600137579329e+00
4.352134679360430525e+00
4.352134679360430525e+00
4.352134679360430525e+00
4.352134679360430525e+00
4.495182752676220694e+00
4.495182752676220694e+00
4.495182752676220694e+00
4.545341803797800395e+00
4.545341803797800395e+00
4.520092362380959017e+00
4.520092362380959017e+00
4.520092362380959017e+00
4.520092362380959017e+00
4.700806948873973212e+00
4.700806948873973212e+00
4.086379664258901201e+00
4.086379664258901201e+00
4.086379664258901201e+00
4.086379664258901201e+00
4.139673804640636945e+00
4.139673804640636945e+00
4.139673804640636945e+00
4.029065284368433808e+00
3.955406825235476820e+00
3.955406825235476820e+00
3.955406825235476820e+00
3.955406825235476820e+00
3.955406825235476820e+00
3.955406825235476820e+00
3.955406825235476820e+00
3.955406825235476820e+00
3.910273655712545260e+00
3.910273655712545260e+00
3.999607449331369580e+00
3.999607449331369580e+00
3.999607449331369580e+00
3.788617471077336152e+00
3.788617471077336152e+00
3.788617471077336152e+00
3.788617471077336152e+00
3.788617471077336152e+00
4.063072450536559188e+00
4.063072450536559188e+00
4.063072450536559188e+00
4.201972087487725993e+00
4.201972087487725993e+00
4.201972087487725993e+00
4.201972087487725993e+00
4.201972087487725993e+00
4.201972087487725993e+00
4.201972087487725993e+00
3.991818593699880235e+00
3.991818593699880235e+00
3.923713403950729983e+00
3.915169497375659002e+00
3.915169497375659002e+00
3.915169497375659002e+00
3.915169497375659002e+00
3.915169497375659002e+00
3.915169497375659002e+00
3.896496401967088463e+00
3.858815609367796551e+00
3.858815609367796551e+00
3.858815609367796551e+00
3.858815609367796551e+00
3.538251272702588768e+00
3.554949161757417819e+00
3.520670779374464487e+00
3.566435073340632922e+00
3.566435073340632922e+00
3.566435073340632922e+00
3.566435073340632922e+00
3.566435073340632922e+00
3.566435073340632922e+00
3.480023280823733245e+00
3.271970404335443838e+00
3.231543307272020105e+00
3.188229782046791527e+00
3.178029827260606233e+00
3.178029827260606233e+00
3.374294261919595250e+00
3.374294261919595250e+00
3.374294261919595250e+00
3.374294261919595250e+00
3.551990704909739005e+00
3.419151011390646477e+00
3.419151011390646477e+00
3.419151011390646477e+00
3.471822535855166869e+00
3.471822535855166869e+00
3.646219554848212141e+00
3.454711254705843171e+00
3.282137125467629701e+00
3.451344925125340080e+00
3.451344925125340080e+00
3.451344925125340080e+00
3.451344925125340080e+00
3.451344925125340080e+00
3.451344925125340080e+00
3.434802017165416999e+00
3.422224085788902581e+00
3.422224085788902581e+00
3.486226435833458925e+00
3.486226435833458925e+00
3.486226435833458925e+00
3.342525296649292876e+00
3.291277801149294913e+00
3.357164530571131511e+00
3.357164530571131511e+00
3.414101689494028147e+00
3.414101689494028147e+00
3.498089289855357276e+00
3.498089289855357276e+00
3.498089289855357276e+00
3.498089289855357276e+00
3.498089289855357276e+00
3.498089289855357276e+00
3.330161799781067966e+00
3.330161799781067966e+00
3.321449767701616373e+00
3.321449767701616373e+00
3.321449767701616373e+00
3.543162977853294482e+00
3.168915801361128270e+00
3.168915801361128270e+00
3.168915801361128270e+00
3.168915801361128270e+00
3.201503365274378510e+00
3.249818702759851963e+00
3.249818702759851963e+00
3.185383752917996691e+00
3.185383752917996691e+00
3.185383752917996691e+00
3.285974990948612451e+00
3.285974990948612451e+00
3.211277896272535681e+00
3.211277896272535681e+00
3.211277896272535681e+00
2.941408579246981958e+00
2.941408579246981958e+00
2.941408579246981958e+00
2.921548731454120862e+00
2.771536441416654117e+00
2.748694162556402976e+00
2.748694162556402976e+00
2.748694162556402976e+00
2.748694162556402976e+00
2.674701387450987955e+00
2.674701387450987955e+00
2.674701387450987955e+00
2.674701387450987955e+00
2.674701387450987955e+00
2.674701387450987955e+00
2.540114666409581723e+00
2.540114666409581723e+00
2.595030363983581001e+00
2.748204051963297534e+00
2.770203446668666913e+00
2.770203446668666913e+00
2.851869653878506217e+00
2.589934933337433964e+00
2.589934933337433964e+00
2.558391938386968878e+00
2.605580777628901501e+00
2.585371861237400370e+00
2.711162991468602623e+00
2.629598061651991614e+00
2.843271486944856097e+00
2.843271486944856097e+00
2.843271486944856097e+00
2.843271486944856097e+00
2.843271486944856097e+00
2.857630616334353224e+00
2.857630616334353224e+00
2.857630616334353224e+00
3.040021284266540391e+00
3.109798153132879772e+00
3.270072282851995471e+00
3.213765073933828820e+00
3.213765073933828820e+00
3.125104912705577664e+00
3.125104912705577664e+00
3.125104912705577664e+00
3.056100318691078677e+00
3.056100318691078677e+00
3.056100318691078677e+00
3.044654764111975886e+00
3.567052932317709146e+00
3.509856722451048405e+00
3.509856722451048405e+00
3.509856722451048405e+00
3.509856722451048405e+00
3.509856722451048405e+00
3.257594393416959555e+00
3.257594393416959555e+00
3.257594393416959555e+00
3.257594393416959555e+00
3.430868067567425239e+00
3.430868067567425239e+00
3.359885180265933968e+00
3.377231493429861509e+00
3.377231493429861509e+00
3.469270944329753803e+00
3.469270944329753803e+00
3.582941995966093085e+00
3.582941995966093085e+00
3.582941995966093085e+00
3.656936898837454653e+00
3.656936898837454653e+00
3.656936898837454653e+00
3.656936898837454653e+00
3.656936898837454653e+00
3.656936898837454653e+00
3.656936898837454653e+00
3.750859184558418935e+00
3.622807808143004848e+00
3.622807808143004848e+00
3.622807808143004848e+00
3.622807808143004848e+00
3.369682663453183125e+00
3.452704104503605098e+00
3.277992568169533882e+00
3.138495313857888824e+00
3.138495313857888824e+00
2.899146049639189648e+00
3.051802182925920981e+00
3.051802182925920981e+00
3.051802182925920981e+00
3.036138448314219751e+00
3.036138448314219751e+00
3.036138448314219751e+00
3.060916242130791609e+00
2.979515412328719748e+00
2.979515412328719748e+00
2.979515412328719748e+00
2.979515412328719748e+00
2.979515412328719748e+00
2.979515412328719748e+00
2.979515412328719748e+00
3.065034780068608633e+00
3.198919442920742817e+00
3.198919442920742817e+00
3.198919442920742817e+00
3.371537347871145673e+00
3.371537347871145673e+00
3.371537347871145673e+00
3.371537347871145673e+00
3.371537347871145673e+00
3.581298831767107949e+00
3.581298831767107949e+00
3.553841772169935354e+00
3.514945879163439368e+00
3.581007319338735062e+00
3.442838951554337168e+00
3.214421625719468878e+00
3.214421625719468878e+00
3.045890240451606168e+00
3.111688126183016934e+00
3.111688126183016934e+00
3.124136598199183545e+00
3.077852769737237093e+00
3.077852769737237093e+00
3.503679233537031923e+00
3.503679233537031923e+00
3.503679233537031923e+00
3.503679233537031923e+00
3.426111446209042732e+00
3.426111446209042732e+00
3.581557868871212857e+00
3.581557868871212857e+00
3.547553184961671491e+00
3.506639745690091736e+00
3.506639745690091736e+00
3.442034615244542906e+00
3.442034615244542906e+00
3.442034615244542906e+00
3.308618269904704867e+00
3.823552622172813997e+00
3.823552622172813997e+00
3.688140565536056403e+00
3.688140565536056403e+00
3.688140565536056403e+00
3.652863178866438520e+00
3.652863178866438520e+00
3.700226560839628753e+00
3.700226560839628753e+00
3.642828287551787003e+00
3.642828287551787003e+00
3.642828287551787003e+00
3.706110529101029449e+00
3.706110529101029449e+00
3.706110529101029449e+00
3.706110529101029449e+00
3.706110529101029449e+00
3.706110529101029449e+00
3.706110529101029449e+00
3.706110529101029449e+00
3.706110529101029449e+00
3.706110529101029449e+00
3.706110529101029449e+00
3.789325861793963579e+00
3.789325861793963579e+00
3.789325861793963579e+00
3.649435569719601702e+00
3.649435569719601702e+00
3.649435569719601702e+00
3.649435569719601702e+00
3.649435569719601702e+00
3.649435569719601702e+00
3.649435569719601702e+00
3.649435569719601702e+00
3.649435569719601702e+00
3.762802509572225507e+00
3.960140777754955543e+00
3.960140777754955543e+00
3.954682615849564709e+00
3.954682615849564709e+00
3.994941921517199290e+00
3.994941921517199290e+00
3.994941921517199290e+00
3.994941921517199290e+00
3.994941921517199290e+00
3.994941921517199290e+00
4.035852878681095213e+00
4.035852878681095213e+00
4.035852878681095213e+00
4.461584336481315027e+00
4.461584336481315027e+00
4.508791190035577934e+00
4.508791190035577934e+00
4.613885825435558807e+00
4.613885825435558807e+00
4.613885825435558807e+00
4.033898115026434361e+00
4.033898115026434361e+00
4.033898115026434361e+00
4.033898115026434361e+00
4.033898115026434361e+00
4.033898115026434361e+00
4.033898115026434361e+00
3.961813249749926769e+00
3.961813249749926769e+00
4.028456794443640909e+00
4.028456794443640909e+00
4.028456794443640909e+00
4.028456794443640909e+00
4.028456794443640909e+00
4.028456794443640909e+00
4.028456794443640909e+00
4.028456794443640909e+00
4.028456794443640909e+00
4.028456794443640909e+00
4.028456794443640909e+00
4.028456794443640909e+00
3.870764283969790220e+00
3.870764283969790220e+00
3.870764283969790220e+00
3.736540799148901471e+00
3.736540799148901471e+00
