# Variable: tau
# Sample shape: (754,)
# Date: 2011-11-02 01:32:59.512570
8.620283948457095539e+04
8.654759514652960934e+04
8.654759514652960934e+04
8.717914827482197143e+04
8.750920789126471209e+04
8.469001355579584197e+04
8.849493172013797448e+04
8.870740918068295287e+04
8.828536160650830425e+04
8.982569633403691114e+04
8.959846653447241988e+04
8.826087013165162352e+04
8.772564729855787300e+04
8.546661578138347249e+04
8.413985167711735994e+04
8.333557886865471664e+04
8.308188384080874675e+04
8.006283543410940911e+04
7.987845944015812711e+04
8.058407014851608255e+04
7.941961324773443630e+04
7.985218346512451535e+04
8.147195528074885078e+04
8.185850648523934069e+04
8.125672144857917738e+04
8.107684677617241687e+04
8.278780944854699192e+04
8.315742776593923918e+04
8.452009620222482772e+04
8.419261955000105081e+04
8.486935984809076763e+04
8.507205524462586618e+04
8.523719503034623631e+04
8.626357362078517326e+04
8.467457624798538745e+04
8.329225462738444912e+04
8.418921090240631020e+04
8.407560314781367197e+04
8.217576873622515996e+04
8.180447106227649783e+04
8.147763476778916083e+04
7.922670829488502932e+04
7.947719353858883551e+04
8.216082115731891827e+04
8.239565120173784089e+04
8.239565120173784089e+04
8.239565120173784089e+04
8.239565120173784089e+04
8.402036497076551314e+04
8.131550428053743963e+04
8.264561776546867623e+04
8.087571173753612675e+04
8.172767371388347237e+04
8.131758872304954275e+04
8.158550817462182022e+04
8.065997579956994741e+04
8.038474671074211074e+04
8.304394220501987729e+04
8.304394220501987729e+04
8.132459479245558032e+04
8.083354259161553637e+04
8.083354259161553637e+04
8.094404439217103936e+04
8.033464451015325903e+04
8.377988179198231956e+04
8.507458531658869470e+04
8.435736977373943955e+04
8.453009843414447096e+04
8.738285277192208741e+04
8.738285277192208741e+04
8.738285277192208741e+04
8.617360458070378809e+04
8.498599535879325413e+04
8.717595770982040267e+04
8.849380581361507939e+04
8.873064387439827260e+04
9.081339404141981504e+04
9.081339404141981504e+04
9.185496554377391294e+04
9.318352397721818124e+04
9.270021394916203280e+04
9.200572292704250140e+04
9.200572292704250140e+04
9.200572292704250140e+04
9.258918014176790894e+04
9.172696005193913879e+04
8.984276676796810352e+04
9.026013660765199165e+04
9.092072091193850792e+04
9.264779390082416649e+04
9.180427416240519960e+04
9.180427416240519960e+04
9.240369370246471954e+04
9.309204431963890966e+04
9.557072926703181292e+04
9.550459630327027116e+04
9.594351833954082394e+04
9.711705955530231586e+04
9.628722291844199935e+04
9.501496312350596418e+04
9.454327690098705352e+04
9.486069827939876996e+04
9.770018641923705582e+04
9.813326028475456405e+04
9.775726525112609670e+04
9.801863849274623499e+04
1.000172833746104297e+05
9.806102612829218560e+04
9.889220592065357778e+04
1.002159530562909640e+05
1.021615726582183415e+05
1.003830577075508481e+05
9.982348459521455516e+04
9.835741803635701945e+04
9.672944572311543743e+04
9.640341449152598216e+04
9.586026106753971544e+04
9.811913065755655407e+04
9.683586158884959877e+04
9.566772170752716193e+04
9.566772170752716193e+04
9.460072520586644532e+04
9.382588158831802139e+04
9.283554883082305605e+04
9.328363839271715551e+04
9.228075903161497263e+04
9.366955671650382283e+04
9.428180387230715132e+04
9.578709649094300403e+04
9.541052027751674177e+04
9.872903192630426202e+04
9.872903192630426202e+04
9.478697739128784451e+04
9.491112675265716098e+04
9.495438476802366495e+04
9.495438476802366495e+04
9.333522387123883527e+04
9.294151467145231436e+04
9.686238120338492445e+04
9.608948688333615428e+04
9.709209416136381333e+04
9.857725948226239416e+04
9.839394626084402262e+04
9.674097736529471877e+04
9.797653132473722508e+04
9.344840122585702920e+04
9.165322881307560601e+04
8.835516890147489903e+04
8.695752577510003175e+04
8.740738942157100246e+04
8.739241760688657814e+04
8.629003750871524971e+04
8.687880870040945592e+04
8.604853938414470758e+04
8.739589050839457195e+04
8.950190992178917804e+04
9.044742067150380171e+04
8.690023009663546691e+04
8.630900852328109613e+04
8.660422282197882305e+04
8.660422282197882305e+04
8.646372536334821780e+04
8.704221080257980793e+04
8.583077432119217701e+04
8.583077432119217701e+04
8.583077432119217701e+04
8.549530359198796214e+04
8.556614707459672354e+04
8.317357246021232277e+04
8.368379287115602347e+04
8.307439303400261269e+04
8.391224987402590341e+04
8.471193762492212409e+04
8.308284723692986881e+04
8.294323718290394754e+04
8.114273807418922661e+04
8.025463537657666893e+04
7.764710067299215007e+04
7.744361773829975573e+04
7.759887653017157572e+04
7.615205360721728357e+04
7.844666447932238225e+04
7.828405680979651515e+04
7.724560655395753565e+04
7.859554863731461228e+04
7.859554863731461228e+04
7.746727856129645079e+04
7.707888468138722237e+04
7.910750167761817283e+04
7.936906771528006357e+04
7.825888584406864538e+04
7.812908555935461482e+04
7.650438203539402457e+04
7.537762419091636548e+04
7.537762419091636548e+04
7.721861074817535700e+04
7.724643747798165714e+04
7.578025193468818907e+04
7.631662866870075231e+04
7.553304373373795534e+04
7.783495947509630059e+04
7.871356819240046025e+04
7.774089286837584223e+04
7.905478882207478455e+04
7.895921154594533436e+04
8.077065744670653658e+04
8.077065744670653658e+04
8.324804545927734580e+04
8.324804545927734580e+04
8.205898553200412425e+04
8.197332578004400420e+04
8.132675343276900821e+04
8.152436267732648412e+04
8.467218702231394127e+04
8.467218702231394127e+04
8.341235969827848021e+04
8.475662875689742214e+04
8.429159584878719761e+04
8.491425805920051062e+04
8.561874137037650507e+04
8.518447761616497883e+04
8.436392495994627825e+04
8.225400430114107439e+04
8.168617604855776881e+04
8.321054495378029242e+04
8.321054495378029242e+04
8.299165411670161120e+04
8.254045967628934886e+04
8.143420035782501509e+04
8.134307342449833232e+04
8.134307342449833232e+04
8.168705415522112162e+04
8.167151443405740429e+04
8.033242541727620119e+04
8.033242541727620119e+04
8.198042899743435555e+04
8.399754106979323842e+04
8.483234482804985601e+04
8.589630263353050395e+04
8.508681661967496620e+04
8.647980769891482487e+04
8.665205608698412834e+04
8.665205608698412834e+04
8.555672665909447824e+04
8.638980603576324938e+04
8.887362335121397336e+04
8.688834646683758183e+04
8.614963380651446641e+04
8.614963380651446641e+04
8.555513486935806577e+04
8.537407009391285828e+04
8.535390044922116795e+04
8.358671207478184078e+04
8.258935506533023727e+04
8.386863212243712042e+04
8.577314502178604016e+04
8.780879465483564127e+04
8.839339983238035347e+04
9.006314416224494926e+04
8.854261110270056815e+04
8.612597452754071855e+04
8.571920605932141189e+04
8.412881910126580624e+04
8.338715233031117532e+04
8.324677165350352880e+04
8.333727489990783215e+04
8.430495609672479623e+04
8.434949792140191130e+04
8.434949792140191130e+04
8.496769443021553161e+04
8.422041780156796449e+04
8.364194827157632972e+04
8.287838254262194096e+04
8.285897425213025417e+04
8.108623763225846051e+04
8.294426499098926433e+04
8.411897237070355914e+04
8.337986184050377051e+04
8.404449398402105726e+04
8.388279697996802861e+04
8.395723369685451325e+04
8.496284921576771012e+04
8.653113943545713846e+04
8.627479748031895724e+04
8.625648832141302410e+04
8.559210164581717981e+04
8.406180203013280698e+04
8.520725020852133457e+04
8.694382480333825515e+04
8.494806867587173474e+04
8.494806867587173474e+04
8.469381004046648741e+04
8.430157366004161304e+04
8.426280868569402082e+04
8.432371523816577974e+04
8.354576562181883492e+04
8.136971478116202343e+04
8.136971478116202343e+04
8.277347066043855739e+04
8.437860688499188109e+04
8.341914112427346117e+04
8.432220729713313631e+04
8.381189628493443888e+04
8.236285988894959155e+04
8.364554517895447498e+04
8.511747048023210664e+04
8.520171795414364897e+04
8.410396320744292461e+04
8.412644882946922735e+04
8.471532265467611433e+04
8.256095717514533317e+04
8.275283703224509372e+04
8.275283703224509372e+04
8.369402849724286352e+04
8.369402849724286352e+04
8.509807604239411012e+04
8.571721553235319152e+04
8.571721553235319152e+04
8.390462027004601259e+04
8.384374440301026334e+04
8.250599213391380908e+04
8.250599213391380908e+04
8.179962091516284272e+04
8.255829684838421235e+04
7.928832800664835668e+04
7.661663047969376203e+04
7.613196690427699650e+04
7.754799356090418587e+04
7.895984642594610341e+04
7.905162062707949372e+04
7.905162062707949372e+04
7.987524589042198204e+04
7.952365019522533112e+04
8.135796450291947986e+04
8.116800498180043360e+04
7.857080183966505865e+04
7.922692544819010072e+04
8.031460107951263490e+04
7.920123812609593733e+04
7.855199589465810277e+04
7.768072417078739090e+04
7.790868476404043031e+04
7.764170211900022696e+04
7.855707214982443838e+04
7.975402929888214567e+04
7.975121286065397726e+04
7.975121286065397726e+04
8.058489920023750165e+04
7.983835784127829538e+04
8.065511938962133718e+04
8.213586265966921928e+04
8.630350455357608735e+04
8.511471518921374809e+04
8.728467867718559864e+04
8.928288887072818761e+04
8.879015027554241533e+04
8.867475944663181144e+04
8.867475944663181144e+04
8.623398550651353435e+04
8.491301557583674730e+04
8.617425046657338680e+04
8.826364379799581366e+04
8.682102001646238205e+04
8.669947687318900716e+04
8.452615376106456097e+04
8.461820873338023375e+04
8.445254325806356792e+04
8.347488732373499079e+04
8.300997516986657865e+04
8.186554353090752556e+04
8.416023799581750063e+04
8.382641827400120383e+04
8.335972211394915939e+04
8.287233655661379453e+04
8.118106903395717381e+04
8.122379655198189721e+04
8.027752552349446341e+04
8.106677084661032131e+04
8.450277414763790148e+04
8.450277414763790148e+04
8.517277250894145982e+04
8.739339562185933755e+04
8.739339562185933755e+04
8.760114584747813933e+04
8.750358959071218851e+04
8.687137241312832339e+04
8.687440218348756025e+04
8.514975505180956679e+04
8.426363239428633824e+04
8.501702441868209280e+04
8.277571762959461194e+04
8.215587165016097424e+04
8.227545692108708317e+04
8.229125615114305401e+04
8.442451095959833765e+04
8.244410785282858706e+04
8.498341833232231147e+04
8.498341833232231147e+04
8.498341833232231147e+04
8.798841792877508851e+04
8.798841792877508851e+04
8.933034512528250343e+04
8.804599211648576602e+04
8.758308511482375616e+04
8.622435558329385822e+04
8.622435558329385822e+04
8.346820761780517932e+04
8.426876454653918336e+04
8.633230358863432775e+04
8.583781135777800228e+04
8.681692745793417271e+04
8.863503893086584867e+04
8.674333485722704791e+04
8.526855977419659030e+04
8.510431488130135403e+04
8.711897873577155406e+04
8.711897873577155406e+04
8.708793944696898689e+04
8.695036049384645594e+04
8.743707313020691799e+04
9.015971585633653740e+04
9.190865094267501263e+04
9.110113157543912530e+04
9.223106427841731056e+04
9.223106427841731056e+04
9.088381741871226404e+04
9.088381741871226404e+04
9.088381741871226404e+04
9.283371010488177126e+04
9.125306218789232662e+04
9.338880907579191262e+04
9.375046890100807650e+04
9.358087150979042053e+04
9.512106113122096576e+04
9.750472913916813559e+04
9.567514630132762250e+04
9.590559289504005574e+04
9.584287619656354946e+04
9.570560290816513589e+04
9.605652586547275132e+04
9.426078559345575923e+04
9.323721978184822365e+04
9.464064438301271002e+04
9.400131493308699282e+04
9.444201679538303870e+04
9.444201679538303870e+04
9.411191588383087947e+04
9.234927925291872816e+04
9.234927925291872816e+04
9.094752233254161547e+04
9.088924897267165943e+04
9.088924897267165943e+04
9.068421671671749209e+04
8.887673397882764402e+04
8.887673397882764402e+04
8.688643090419301006e+04
8.416841040397381585e+04
8.406068605915454100e+04
8.284379470679958467e+04
8.246851163090570481e+04
8.127878526089865773e+04
8.037979658110681339e+04
8.091382833222717454e+04
8.113401478546902945e+04
8.113401478546902945e+04
7.880312005145500007e+04
7.788952141575158748e+04
7.807528423035691958e+04
7.862806551951728761e+04
7.862806551951728761e+04
8.061660402557167981e+04
7.818577075420584879e+04
7.850785925245005637e+04
7.910381951533774554e+04
7.942498760470851266e+04
7.994773466703399026e+04
8.204603922121437790e+04
8.181673601234782836e+04
8.222840959416696569e+04
7.999381897575101175e+04
7.853237847121602681e+04
7.837031418855790980e+04
8.050033376053556276e+04
8.070212004679070378e+04
7.886210843042231863e+04
7.961090416140860179e+04
7.928559828356960497e+04
7.957535639030749735e+04
7.977983303968551627e+04
7.905638984676753171e+04
7.874852229556653765e+04
7.895121622108739393e+04
7.889490264804306207e+04
7.966121949240696267e+04
8.031736461426451569e+04
7.761763729392972891e+04
7.723164225516158331e+04
7.570586918444132607e+04
7.589298086668444739e+04
7.604777588817653304e+04
7.604777588817653304e+04
7.604777588817653304e+04
7.604777588817653304e+04
7.306754135575568944e+04
7.424157604538519809e+04
7.375255823388475983e+04
7.443472993985812354e+04
7.443472993985812354e+04
7.248876534653527779e+04
7.371516646153257170e+04
7.525496663064534368e+04
7.074215600119138253e+04
6.871095259256772988e+04
6.485792812452387443e+04
6.485792812452387443e+04
6.485792812452387443e+04
6.485792812452387443e+04
6.442731397252036550e+04
6.442731397252036550e+04
6.051427319098887529e+04
6.051427319098887529e+04
6.051427319098887529e+04
6.077978399922197423e+04
6.077978399922197423e+04
5.410086744069831911e+04
5.249139851623962750e+04
5.249139851623962750e+04
5.141414983928897709e+04
5.247269916841144004e+04
5.247269916841144004e+04
5.247269916841144004e+04
5.574971366159176978e+04
5.385038156611089653e+04
5.517780771844655101e+04
5.475993539934224100e+04
5.475993539934224100e+04
5.311910749778682657e+04
5.517612866880156798e+04
5.755980086463999760e+04
5.807783870808626671e+04
6.182704532985488913e+04
6.182704532985488913e+04
6.021633500638271653e+04
6.215451434425120533e+04
6.215451434425120533e+04
6.161160000362044229e+04
6.161160000362044229e+04
6.177155957246620528e+04
5.856331406518204312e+04
6.194419910472127958e+04
6.023616570263504400e+04
6.023616570263504400e+04
6.297883772755813698e+04
6.576660230644889816e+04
6.928646579522188404e+04
6.928646579522188404e+04
7.184508613234321820e+04
7.184508613234321820e+04
7.119080231731964159e+04
7.562954754420457175e+04
7.246326473774982151e+04
7.246326473774982151e+04
7.246326473774982151e+04
7.008430734814704920e+04
7.185985872383294918e+04
7.263414859040451120e+04
7.547393427402863745e+04
7.407846930278597574e+04
7.443495810514666664e+04
7.509479974421503721e+04
7.544590575170208467e+04
7.551006425954501901e+04
7.436642173522066150e+04
7.510913173273640859e+04
7.510913173273640859e+04
7.715681848752980295e+04
7.715681848752980295e+04
7.715681848752980295e+04
8.149056468860173482e+04
7.978721348547020170e+04
7.993860565041903465e+04
7.993860565041903465e+04
7.865802950148898526e+04
8.072946326863886497e+04
7.875342989034150378e+04
7.875342989034150378e+04
7.875342989034150378e+04
7.780458681413026352e+04
7.192273917485735728e+04
7.192273917485735728e+04
7.235314470190272550e+04
7.618728526985200006e+04
7.618728526985200006e+04
7.712779638610329130e+04
7.604616622024374374e+04
7.977782998912413314e+04
8.131331454786863469e+04
8.547848906777714728e+04
8.547848906777714728e+04
8.547848906777714728e+04
8.654522848559491104e+04
8.689331095511474996e+04
8.835352554225039785e+04
8.679718535855712253e+04
8.679718535855712253e+04
8.165046297125527053e+04
7.919873797468084376e+04
7.505853801169192593e+04
7.496131588959529472e+04
7.496131588959529472e+04
7.714966775823148782e+04
7.286744825915095862e+04
7.214610760042395850e+04
7.334434672204892559e+04
7.334434672204892559e+04
6.680152981509447272e+04
6.761112057166894374e+04
6.634493258434532618e+04
6.423042151395096880e+04
6.842672380238151527e+04
6.688214924833842088e+04
6.688214924833842088e+04
6.929075642208127829e+04
7.177425567722858978e+04
7.416382913549721707e+04
7.356849840360073722e+04
7.356849840360073722e+04
7.176631996377058385e+04
7.291121845247507736e+04
7.456902951052617573e+04
7.671642661258130101e+04
7.905371696083525603e+04
8.067515555251065234e+04
8.067515555251065234e+04
7.933181661065082881e+04
8.342399059181056509e+04
8.563165880255817319e+04
8.563165880255817319e+04
8.435973025688983034e+04
8.435973025688983034e+04
7.953479490038780204e+04
8.315437088685658819e+04
8.315437088685658819e+04
8.104916872384029557e+04
8.454282152478618082e+04
8.708474796991728363e+04
8.659417824592994293e+04
8.659417824592994293e+04
8.707348226883127063e+04
8.734364758423088642e+04
8.703731621484317293e+04
8.696162578203919111e+04
8.323460597788587620e+04
8.398053646218111680e+04
8.848530363234617107e+04
8.848530363234617107e+04
8.612375891875084199e+04
8.381719920278477366e+04
8.368239805388002424e+04
8.860746641356962209e+04
8.928029303325404180e+04
8.928029303325404180e+04
8.928029303325404180e+04
8.942687626565276878e+04
8.942687626565276878e+04
8.683956628008629195e+04
8.858524673832101689e+04
8.867958101943373913e+04
8.867958101943373913e+04
9.369822268021383206e+04
9.128339647465244343e+04
9.497638271977964905e+04
9.516281504872403457e+04
1.005714265951913694e+05
9.910143001736501174e+04
9.946737592054605193e+04
9.925086941576623940e+04
1.007881062730834237e+05
9.964043244358952506e+04
9.874839975379328826e+04
9.874839975379328826e+04
9.942163686803932069e+04
9.965390660656463297e+04
9.965390660656463297e+04
1.002318786699059128e+05
9.741809329007465567e+04
9.484200421476615884e+04
9.369096001074989908e+04
9.369096001074989908e+04
9.463359117429876642e+04
9.463359117429876642e+04
9.238558779999852413e+04
9.238558779999852413e+04
9.079277824244604562e+04
9.384738031643809518e+04
9.071592284942786500e+04
9.071592284942786500e+04
9.596077498424547957e+04
1.006427589924994681e+05
1.000032338194874901e+05
9.744527310001206934e+04
9.641922960282141867e+04
9.952026902663674264e+04
9.952026902663674264e+04
1.024612036308552488e+05
1.024612036308552488e+05
1.075226665971295006e+05
1.075226665971295006e+05
1.071264193612316885e+05
1.116641303950154543e+05
1.153686070990825974e+05
1.147331444594229979e+05
1.143999701542214170e+05
1.231853746378498327e+05
1.201710810021254438e+05
1.244490875792124134e+05
1.256635515451204701e+05
1.281278531676973216e+05
1.301183710589758266e+05
1.275660944403914327e+05
1.274364669094165292e+05
1.284696161443291203e+05
1.262950723518519080e+05
1.303369186899063498e+05
1.296930001583473786e+05
1.285677399460134184e+05
1.285677399460134184e+05
1.283589789015343267e+05
1.312527903875330230e+05
1.298261395959253423e+05
1.304350656206945860e+05
1.328062117518255836e+05
1.355929025523272285e+05
1.355929025523272285e+05
1.431221923566656187e+05
1.426383030420054274e+05
1.434968098718418041e+05
1.430439229074595787e+05
1.433209902279315575e+05
1.476721659430001455e+05
1.483749511639589909e+05
1.475313639890020131e+05
1.478131912294914364e+05
1.482742561223837838e+05
1.451408757622737030e+05
1.454485990953354049e+05
1.470174539692653925e+05
1.466700309998288576e+05
1.468736659630072827e+05
1.489352421930385171e+05
1.506795822838275053e+05
1.512331322866901173e+05
1.553094319840242970e+05
1.523833687373003922e+05
