58612.5767430        1.199   2.810E-2
58623.5812940        1.201   2.364E-2
58633.5787421        1.166   2.770E-2
58642.5732931        1.218   2.220E-2
58648.5791223        1.145   2.219E-2
58652.5771205        1.195   2.177E-2
58679.4210082        1.193   2.272E-2
58721.2778022        1.261   2.349E-2
58728.3011373        1.101   2.761E-2
58736.3046101        1.351   2.951E-2
58745.2963072        1.423   2.402E-2
58752.2089690        1.395   3.907E-2
58757.1989655        1.267   2.319E-2
58777.2290434        1.280   3.205E-2
58787.2219117        1.278   2.735E-2
58791.2224339        1.244   2.583E-2
58801.1997211        1.106   2.938E-2
