58612.5767430          1.621E-15   1.430E-17
58623.5812940          1.554E-15   2.031E-17
58633.5787421          1.552E-15   1.638E-17
58642.5732931          1.636E-15   1.647E-17
58648.5791223          1.564E-15   1.435E-17
58652.5771205          1.601E-15   1.401E-17
58679.4210082          1.587E-15   1.729E-17
58721.2778022          1.692E-15   1.443E-17
58728.3011373          1.434E-15   2.602E-17
58736.3046101          1.771E-15   1.931E-17
58745.2963072          1.836E-15   1.571E-17
58752.2089690          1.762E-15   2.166E-17
58757.1989655          1.705E-15   1.510E-17
58777.2290434          1.688E-15   2.496E-17
58787.2219117          1.709E-15   2.083E-17
58791.2224339          1.775E-15   1.717E-17
58801.1997211          1.488E-15   1.672E-17
