57827.3923 10.509 0.065
57827.3935 10.612 0.065
57828.3896 10.384 0.067
57828.3907 10.492 0.068
57829.1337 10.037 0.094
57829.1349 10.11 0.094
57830.1288 10.04 0.112
57830.1299 9.681 0.104
57830.138 10.729 0.26
57831.3848 10.576 0.104
57832.1257 9.919 0.098
57832.1269 10.061 0.098
57833.3922 10.43 0.064
57833.3933 10.398 0.064
57834.1465 10.348 0.067
57834.1477 10.494 0.07
57838.1087 10.414 0.069
57838.1099 10.371 0.068
57839.771 10.224 0.1
57839.7722 10.185 0.1
57840.768 10.302 0.095
57842.1408 9.942 0.08
57842.1419 10.028 0.08
57843.4037 9.896 0.067
57843.4049 9.852 0.067
57844.0928 9.819 0.065
57844.094 9.832 0.065
57845.0901 9.787 0.065
57845.0913 9.779 0.065
57846.1371 9.606 0.064
57846.1383 9.619 0.064
57847.133 9.567 0.09
57847.1342 9.567 0.09
57847.3842 9.276 0.051
57847.3854 9.27 0.051
57848.1523 9.53 0.065
57848.1535 9.513 0.064
57848.3945 9.583 0.06
57848.3957 9.602 0.06
57849.3758 9.523 0.06
57849.377 9.547 0.06
57850.4041 9.44 0.05
57850.4053 9.496 0.05
57850.782 9.355 0.096
57850.7832 9.331 0.096
57851.3714 9.329 0.061
57851.3726 9.296 0.061
57851.7647 8.855 0.099
57851.7658 8.615 0.101
57853.0972 8.806 0.1
57853.0983 8.778 0.1
57853.3759 8.46 0.058
57853.3771 8.457 0.058
57854.0943 8.607 0.103
57854.0955 8.702 0.103
57854.368 8.941 0.068
57854.3691 8.845 0.069
57855.0931 8.386 0.104
57855.127 8.7 0.099
57855.1282 8.774 0.098
57855.3673 8.787 0.068
57855.3684 8.776 0.068
57855.4106 8.77 0.068
57855.4117 8.8 0.069
57856.3462 8.518 0.066
57856.7352 8.824 0.097
57856.7371 8.915 0.096
57857.3654 8.581 0.276
57857.7618 8.889 0.097
57857.7637 8.819 0.098
57858.3402 8.513 0.05
57858.342 8.517 0.048
57859.0907 8.219 0.076
57859.0926 8.13 0.077
57859.7619 8.783 0.099
57859.7637 8.789 0.099
57860.0821 8.17 0.076
57860.0839 8.348 0.074
57861.0792 8.451 0.083
57861.0811 8.597 0.083
57865.0883 8.653 0.07
57865.0902 8.59 0.071
57865.3212 8.628 0.044
57865.3231 8.65 0.044
57865.7133 8.675 0.097
57865.7151 8.723 0.097
57866.0663 8.541 0.092
57866.0681 8.563 0.092
57866.3311 8.716 0.067
57866.333 8.722 0.067
57867.4076 8.59 0.06
57867.4095 8.61 0.06
57867.7423 8.669 0.098
57867.7442 8.552 0.099
57868.0602 8.569 0.092
57868.0621 8.571 0.092
57868.4041 8.443 0.043
57868.406 8.456 0.043
57869.1269 8.47 0.073
57869.1288 8.483 0.073
57869.4042 8.289 0.043
57869.4061 8.33 0.043
57870.7292 8.434 0.1
57870.7311 8.455 0.099
57870.7655 8.458 0.099
57870.7673 8.25 0.102
57871.7932 8.671 0.096
57871.795 8.655 0.096
57872.1578 8.611 0.08
57872.1597 8.568 0.08
57872.4111 8.408 0.062
57872.413 8.439 0.062
57873.3706 8.468 0.061
57873.3724 8.493 0.061
57874.3105 8.351 0.064
57874.3123 8.4 0.063
57876.1305 8.571 0.071
57876.1323 8.551 0.071
57876.4496 8.499 0.055
57876.4515 8.448 0.056
57877.7948 8.341 0.101
57877.7966 8.278 0.102
57878.3601 8.282 0.043
57878.3619 8.265 0.043
57878.8034 8.569 0.098
57878.8053 8.624 0.098
57879.0314 8.491 0.088
57879.0333 8.468 0.085
57879.3764 8.344 0.043
57879.3782 8.387 0.043
57879.7547 8.617 0.098
57879.7565 8.601 0.098
57880.0291 8.453 0.073
57880.031 8.427 0.073
57880.1292 8.561 0.08
57880.131 8.701 0.081
57880.6819 7.77 0.109
57880.6838 8.118 0.104
57881.0647 8.414 0.073
57881.0666 8.433 0.073
57882.0889 8.351 0.085
57882.0908 8.406 0.084
57882.682 8.235 0.105
57882.6838 8.249 0.105
57883.0191 8.238 0.088
57883.021 8.211 0.089
57883.1291 8.331 0.074
57883.131 8.331 0.074
57883.6605 8.299 0.102
57883.6624 8.306 0.102
57883.7633 8.367 0.099
57883.7651 8.385 0.099
57884.434 7.62 0.086
57885.4259 7.99 0.073
57885.4278 7.926 0.075
57885.6548 8.102 0.117
57885.6566 7.933 0.203
57886.4286 8.313 0.066
57886.4304 8.345 0.065
57886.7325 7.92 0.151
57886.7343 7.874 0.146
57887.0045 7.955 0.08
57887.0064 7.9 0.08
57887.0346 8.037 0.078
57887.0365 8.095 0.077
57887.6959 7.944 0.161
57887.6978 8.074 0.16
57888.1311 8.272 0.076
57888.133 8.29 0.075
57888.4111 8.147 0.069
57888.413 8.156 0.069
57888.4405 8.057 0.074
57888.4424 7.976 0.077
57888.7805 8.387 0.104
57888.7824 8.283 0.106
57892.0989 8.219 0.099
57892.1008 8.205 0.099
57892.4391 7.554 0.083
57893.307 8.052 0.069
57893.3088 8.075 0.068
57893.7117 8.201 0.103
57893.7135 8.171 0.103
57894.4076 7.967 0.069
57894.4095 7.999 0.069
57894.765 8.14 0.103
57894.7668 8.126 0.103
57895.1581 7.992 0.103
57895.16 7.983 0.103
57895.7584 8.019 0.106
57895.7602 8.058 0.105
57898.1549 7.84 0.082
57898.1568 7.816 0.082
57898.4321 7.614 0.08
57898.4339 7.537 0.082
57898.7513 7.945 0.105
57898.7532 7.949 0.105
57899.8027 7.82 0.106
57899.8046 7.819 0.106
57900.4183 7.511 0.083
57900.4202 7.528 0.083
57901.1403 7.517 0.086
57901.1421 7.469 0.087
57901.7093 7.601 0.11
57901.7111 7.575 0.11
57902.0132 7.542 0.108
57902.0151 7.576 0.107
57903.9894 7.391 0.111
57903.9912 7.341 0.112
57904.2657 7.38 0.087
57904.2675 7.379 0.087
57904.6531 7.393 0.11
57904.6549 7.364 0.11
57905.0527 7.133 0.103
57905.3484 7.359 0.087
57905.3503 7.343 0.087
57905.6505 7.477 0.111
57905.6524 7.482 0.111
57906.0342 7.38 0.111
57906.0361 7.393 0.111
57906.2847 7.391 0.08
57906.2865 7.382 0.08
57906.9828 7.235 0.1
57906.9847 7.216 0.1
57907.1597 7.319 0.112
57907.2648 7.368 0.085
57907.2667 7.352 0.086
57907.5952 7.205 0.112
57907.5971 7.14 0.113
57908.3897 7.358 0.087
57908.3916 7.328 0.088
57908.761 7.409 0.11
57908.7628 7.445 0.109
57909.2273 7.168 0.1
57909.2292 7.339 0.09
57910.0051 7.176 0.103
57910.007 7.143 0.103
57910.4145 7.239 0.083
57910.4164 7.243 0.082
57910.804 7.329 0.114
57910.8059 7.287 0.115
57911.2106 7.139 0.09
57911.2125 7.146 0.09
57911.3892 7.27 0.089
57911.3911 7.27 0.089
57913.2763 7.056 0.09
57913.2781 7.033 0.09
57913.38 7.187 0.09
57913.3818 7.186 0.09
57914.3592 6.979 0.09
57914.3611 6.962 0.09
57915.4278 7.149 0.09
57915.4297 7.205 0.089
57916.2134 6.838 0.097
57916.2152 6.895 0.096
57920.0092 6.957 0.098
57920.011 6.968 0.098
57920.1515 7.161 0.103
57920.1533 7.199 0.103
57921.1101 7.07 0.096
57921.1119 7.06 0.096
57921.1614 6.917 0.099
57922.1294 7.148 0.094
57922.1313 7.157 0.094
57923.1583 7.109 0.102
57923.1602 7.143 0.101
57923.4041 7.098 0.084
57923.406 7.11 0.084
57924.2349 7.247 0.084
57924.2368 7.238 0.084
57924.3769 7.216 0.09
57924.3788 7.228 0.09
57925.1643 7.22 0.1
57925.1661 7.203 0.1
57925.4159 6.887 0.091
57925.4177 6.971 0.089
57926.7798 7.371 0.114
57926.7817 7.415 0.113
57927.6489 7.307 0.119
57928.0515 7.104 0.095
57928.0534 7.168 0.093
57928.1708 7.169 0.093
57928.1727 7.179 0.093
57929.0995 7.029 0.096
57929.1013 7.018 0.097
57929.7761 7.276 0.111
57929.778 7.26 0.111
57930.1295 7.129 0.102
57930.1313 7.16 0.102
57932.2411 7.072 0.085
57932.243 7.051 0.085
57932.4003 7.07 0.093
57932.4022 7.113 0.092
57933.1605 6.913 0.087
57933.1624 6.961 0.087
57933.4353 6.888 0.097
57933.4372 6.878 0.097
57934.2511 7.029 0.085
57934.253 7.033 0.085
57934.4038 7.041 0.093
57934.4057 7.059 0.093
57935.3067 6.98 0.1
57935.3086 6.975 0.1
57935.6547 7.016 0.114
57935.6565 6.983 0.114
57935.9947 7.112 0.104
57935.9966 7.106 0.108
57936.1852 6.866 0.107
57936.187 7.039 0.104
57937.0092 7.075 0.096
57937.011 7.064 0.096
57938.0393 6.986 0.097
57938.0412 6.96 0.098
57939.1328 6.966 0.105
57939.1347 6.969 0.105
57939.5039 6.977 0.115
57939.5058 7.03 0.114
57939.7977 7.067 0.113
57939.7996 7.109 0.112
57940.435 7.135 0.095
57940.4369 7.138 0.095
57940.5546 7.07 0.12
57940.5566 7.1 0.12
57940.7475 6.959 0.118
57940.7494 7.071 0.113
57941.1295 6.96 0.099
57941.1608 6.614 0.104
57941.1627 6.526 0.107
57941.395 6.772 0.097
57941.3969 6.802 0.095
57941.9331 6.643 0.119
57941.935 6.711 0.118
57942.1581 6.769 0.102
57942.1603 6.698 0.104
57942.2342 6.991 0.093
57942.2361 7.061 0.091
57942.4124 7.204 0.09
57942.4143 7.134 0.091
57942.799 7.344 0.123
57942.8009 7.326 0.123
57943.2375 7.196 0.093
57943.2394 7.167 0.094
57943.4045 7.275 0.091
57943.4064 7.197 0.093
57946.8975 7.381 0.089
57946.8994 7.371 0.089
57946.9739 7.366 0.088
57946.9758 7.335 0.088
57947.1371 7.36 0.103
57947.139 7.413 0.102
57947.3461 7.143 0.09
57947.348 7.189 0.09
57948.1293 7.031 0.097
57948.1312 6.849 0.1
57948.3438 7.446 0.084
57948.3457 7.419 0.084
57949.0016 7.338 0.089
57949.0035 7.328 0.09
57949.1364 7.391 0.099
57949.1383 7.31 0.101
57949.7276 7.512 0.111
57949.7295 7.53 0.112
57950.7464 7.588 0.111
57950.7483 7.493 0.121
57951.1404 7.213 0.083
57951.1422 7.241 0.082
57951.3764 7.27 0.089
57951.3783 7.113 0.092
57951.7437 7.543 0.111
57951.7456 7.496 0.112
57952.1302 7.058 0.096
57952.1321 7.044 0.096
57952.3869 7.0 0.094
57952.3888 6.938 0.095
57952.8351 7.392 0.097
57952.837 7.413 0.097
57953.129 7.327 0.089
57953.1309 7.302 0.09
57953.8905 6.934 0.106
57953.8924 7.093 0.103
57954.1291 7.209 0.1
57954.131 7.226 0.1
57954.7673 7.059 0.12
57955.2343 7.429 0.079
57955.2362 7.371 0.08
57955.6439 7.576 0.11
57955.6457 7.547 0.11
57955.7688 7.564 0.11
57955.7707 7.593 0.11
57956.3381 7.584 0.082
57956.34 7.584 0.082
57956.6855 7.741 0.107
57956.6874 7.753 0.107
57956.7287 7.746 0.107
57956.7306 7.734 0.107
57957.019 7.57 0.085
57957.0209 7.608 0.085
57957.3605 7.537 0.083
57957.3624 7.468 0.085
57957.723 7.771 0.107
57957.7249 7.708 0.108
57958.0572 7.589 0.085
57958.059 7.583 0.085
57958.359 7.712 0.081
57958.3609 7.618 0.082
57958.5884 7.815 0.106
57958.5903 7.862 0.106
57959.356 7.826 0.079
57959.3579 7.82 0.079
57959.7481 7.678 0.109
57959.75 7.724 0.108
57960.1189 7.786 0.072
57960.1208 7.767 0.072
57960.2349 7.859 0.071
57960.2368 7.83 0.071
57960.7687 7.385 0.114
57961.1684 7.963 0.075
57961.1703 7.941 0.076
57961.7439 7.555 0.113
57961.7458 7.828 0.11
57962.1026 7.635 0.092
57962.1045 7.688 0.092
57962.2262 8.045 0.075
57962.2281 8.056 0.075
57962.3864 8.014 0.068
57962.3883 8.018 0.068
57962.578 8.143 0.103
57962.58 8.189 0.102
57963.0437 7.864 0.081
57963.0456 8.015 0.078
57963.4045 8.105 0.067
57963.4064 8.123 0.066
57963.9767 8.156 0.085
57963.9786 8.273 0.083
57964.2924 8.044 0.068
57964.2942 8.041 0.068
57964.6821 8.209 0.101
57964.6839 8.23 0.102
57966.6647 8.191 0.103
57966.6666 8.237 0.102
57967.3337 8.058 0.075
57967.3356 8.106 0.074
57967.7063 7.624 0.109
57967.7082 7.709 0.108
57968.0692 8.143 0.077
57968.0711 8.171 0.076
57968.3425 8.097 0.074
57968.3444 8.145 0.073
57968.7844 8.129 0.077
57968.7863 8.057 0.078
57969.1723 8.234 0.048
57969.1742 8.201 0.048
57969.2929 8.163 0.048
57969.2948 8.186 0.048
57970.2234 8.265 0.051
57970.2253 8.235 0.051
57970.2789 8.327 0.052
57970.2808 8.249 0.052
57973.8358 8.422 0.073
57973.8376 8.528 0.072
57974.0155 8.451 0.074
57974.0174 8.427 0.074
57974.2736 8.689 0.068
57974.2755 8.658 0.068
57974.6776 8.477 0.105
57974.6794 8.491 0.105
57975.3191 8.027 0.262
57975.6838 8.312 0.101
57975.6857 8.236 0.102
57976.2134 8.752 0.055
57976.2153 8.75 0.055
57977.6855 8.441 0.101
57977.6874 8.55 0.1
57978.6709 9.007 0.095
57978.6728 8.994 0.095
57979.0599 8.933 0.067
57979.0618 8.873 0.068
57979.2741 8.858 0.063
57979.276 8.808 0.063
57979.6579 9.026 0.095
57979.6598 9.016 0.096
57980.2871 8.858 0.063
57980.289 8.863 0.063
57981.1054 9.068 0.047
57981.1073 9.042 0.045
57981.3101 8.866 0.063
57981.312 8.836 0.063
57981.673 8.729 0.097
57982.2767 8.896 0.066
57982.2785 8.93 0.065
57982.6499 8.96 0.095
57982.6518 8.839 0.096
57982.6909 8.922 0.096
57982.6928 8.898 0.096
57983.9352 9.149 0.065
57983.9371 9.163 0.066
57984.6409 9.082 0.095
57984.6428 8.87 0.096
57984.6797 8.8 0.097
57984.6816 8.664 0.098
57985.2862 8.922 0.045
57985.2881 9.03 0.045
57986.0044 9.116 0.065
57986.0063 9.044 0.066
57986.2623 9.21 0.045
57986.2642 9.185 0.045
57986.6825 8.92 0.096
57986.6844 8.895 0.095
57987.0564 9.156 0.045
57987.0583 9.18 0.045
57987.2661 9.167 0.047
57987.268 9.218 0.046
57987.6266 9.305 0.093
57987.6285 9.381 0.093
57988.242 9.268 0.056
57988.2439 9.254 0.056
57988.6747 8.669 0.097
57988.6766 8.681 0.097
57989.2728 9.056 0.096
57990.1577 9.447 0.045
57990.1596 9.452 0.045
57990.2862 9.305 0.046
57990.2881 9.373 0.046
57990.65 9.441 0.094
57990.6519 9.437 0.094
57990.8921 9.055 0.066
57990.894 9.103 0.065
57991.0283 9.547 0.076
57991.0302 9.477 0.076
57991.6666 9.236 0.107
57991.9321 9.439 0.064
57991.934 9.473 0.064
57992.2489 9.532 0.045
57992.2508 9.519 0.045
57992.9771 9.646 0.073
57992.979 9.685 0.073
57993.2551 9.67 0.059
57993.257 9.656 0.059
57993.6346 9.292 0.094
57993.6365 9.382 0.094
57993.9897 9.738 0.075
57993.9916 9.73 0.075
57994.6616 9.278 0.095
57994.6635 9.341 0.094
57995.0337 9.686 0.047
57995.0355 9.652 0.051
57995.2968 9.651 0.048
57995.2988 9.627 0.048
57995.5948 9.19 0.094
57995.5967 9.245 0.094
57996.0049 9.457 0.065
57996.0068 9.443 0.065
57996.2968 9.531 0.049
57996.2988 9.523 0.049
57996.6543 9.178 0.094
57996.6562 9.253 0.093
57996.7572 9.442 0.064
57996.7591 9.525 0.064
57996.9851 9.429 0.061
57996.987 9.41 0.061
57997.1179 9.522 0.056
57997.1198 9.622 0.056
57997.2482 9.601 0.057
57997.2502 9.569 0.057
57997.8106 9.454 0.065
57997.8125 9.391 0.065
57997.9887 9.684 0.078
57997.9906 9.658 0.081
58001.17 9.306 0.077
58001.172 9.24 0.077
58001.3013 9.061 0.099
58001.3032 9.2 0.1
58002.196 9.295 0.079
58002.1979 9.162 0.08
58002.598 9.206 0.111
58002.5999 9.083 0.111
58002.6381 9.341 0.109
58002.64 9.272 0.113
58003.2536 9.225 0.1
58003.2555 9.182 0.1
58003.6361 8.724 0.1
58003.638 8.768 0.099
58003.9489 9.554 0.081
58003.9508 9.547 0.081
58004.248 9.366 0.061
58004.2499 9.412 0.061
58004.6161 9.118 0.097
58004.618 8.988 0.098
58005.2919 9.4 0.053
58005.2938 9.398 0.053
58005.616 8.927 0.099
58005.6179 8.944 0.099
58006.394 9.486 0.093
58006.3959 9.524 0.093
58006.6196 9.437 0.093
58006.6215 9.589 0.094
58006.9842 9.41 0.065
58006.9861 9.353 0.065
58007.6057 9.604 0.094
58007.6076 9.588 0.094
58008.2826 9.451 0.052
58008.2845 9.448 0.052
58009.48 8.625 0.098
58009.8904 9.476 0.065
58009.8923 9.462 0.065
58009.9701 9.305 0.065
58009.972 9.24 0.066
58011.6023 9.295 0.094
58011.6042 9.223 0.094
58012.2318 9.388 0.06
58012.2337 9.43 0.06
58012.6072 9.279 0.094
58012.6091 9.098 0.095
58013.0118 9.395 0.063
58013.0136 9.414 0.062
58013.0805 9.476 0.062
58013.0824 9.444 0.062
58013.559 9.516 0.093
58013.5609 9.487 0.093
58013.9085 8.67 0.07
58013.9104 9.019 0.066
58014.2062 9.42 0.06
58014.2081 9.396 0.06
58014.6022 8.673 0.098
58014.6041 8.878 0.096
58014.9182 9.341 0.063
58014.9201 9.372 0.065
58015.2133 9.106 0.062
58015.2152 9.011 0.062
58015.5601 9.231 0.094
58015.562 9.209 0.094
58015.9086 8.804 0.069
58015.9105 8.541 0.072
58016.1995 9.083 0.062
58016.2014 9.074 0.062
58016.5841 9.305 0.094
58016.586 9.28 0.094
58017.5015 9.413 0.093
58017.5034 9.378 0.093
58018.2241 9.357 0.047
58018.226 9.367 0.047
58018.5552 9.311 0.095
58018.5571 9.299 0.095
58018.8209 9.193 0.065
58018.8228 9.193 0.065
58019.1989 9.134 0.061
58019.2008 9.124 0.061
58019.906 9.135 0.076
58019.9079 9.11 0.076
58020.0675 9.065 0.064
58020.0694 9.129 0.064
58020.5258 8.731 0.097
58020.5277 8.772 0.097
58020.944 8.69 0.07
58020.9459 8.859 0.068
58021.5878 8.555 0.099
58021.5897 8.52 0.099
58022.019 9.035 0.04
58022.0209 9.055 0.04
58022.1807 8.814 0.066
58022.1825 8.844 0.066
58022.4955 8.999 0.111
58022.9211 8.933 0.079
58022.923 8.883 0.079
58023.7619 8.589 0.082
58023.7638 8.559 0.083
58024.8782 8.842 0.08
58024.8801 8.817 0.08
58029.0702 8.712 0.044
58029.0721 8.797 0.044
58029.4459 8.799 0.102
58029.4478 8.829 0.102
58029.5127 8.672 0.114
58029.5146 8.592 0.115
58030.1349 8.452 0.079
58030.1368 8.359 0.078
58030.5215 8.452 0.165
58030.5233 8.622 0.108
58030.8199 8.569 0.088
58030.8218 8.572 0.088
58031.1204 8.669 0.071
58031.1222 8.606 0.071
58031.8926 8.699 0.087
58031.8945 8.821 0.086
58032.1666 8.642 0.045
58032.1685 8.658 0.046
58032.8688 9.503 0.064
58032.8707 9.499 0.065
58033.1628 8.712 0.045
58033.1647 8.692 0.05
58033.5127 8.535 0.12
58033.5146 8.493 0.138
58033.9073 8.541 0.072
58033.9092 8.416 0.074
58034.0914 8.877 0.049
58034.0933 8.872 0.049
58035.0027 8.711 0.04
58035.0046 8.753 0.04
58035.1036 9.01 0.041
58035.1055 9.047 0.041
58036.0286 8.939 0.04
58036.0305 8.942 0.04
58036.4009 9.018 0.095
58036.4028 9.017 0.095
58036.8783 8.754 0.078
58036.8802 8.817 0.078
58038.119 8.724 0.067
58038.1209 8.607 0.068
58038.5041 8.994 0.095
58038.8452 8.474 0.081
58038.8471 8.411 0.082
58039.1315 9.153 0.041
58039.1333 9.157 0.041
58039.8834 8.79 0.069
58039.8853 8.949 0.067
58040.1404 8.913 0.041
58040.1423 9.0 0.041
58041.1403 8.902 0.066
58041.1421 8.665 0.067
58041.5352 9.028 0.095
58041.5371 9.007 0.095
58042.1438 8.902 0.063
58042.1457 8.907 0.063
58042.4663 9.244 0.093
58042.4681 9.233 0.094
58043.0173 9.218 0.04
58043.0192 9.224 0.04
58043.0857 9.116 0.064
58043.0876 9.216 0.063
58043.8522 8.992 0.066
58043.8541 9.125 0.065
58044.7649 9.26 0.065
58044.8197 8.984 0.066
58044.8216 8.94 0.067
58045.0816 9.208 0.063
58045.0835 9.204 0.063
58045.7987 9.173 0.075
58045.8006 9.203 0.075
58046.1273 9.157 0.041
58046.1292 9.313 0.041
58046.7973 9.168 0.075
58046.7992 9.181 0.075
58047.102 9.081 0.064
58047.1039 9.117 0.064
58047.8433 9.333 0.074
58047.8452 9.379 0.074
58048.0813 9.423 0.041
58048.0832 9.461 0.041
58048.4947 9.389 0.093
58048.4966 9.351 0.093
58048.8467 9.293 0.074
58048.8486 9.305 0.074
58049.8586 9.288 0.076
58049.8605 9.262 0.076
58050.0621 9.306 0.041
58050.064 9.324 0.041
58050.4375 9.314 0.095
58050.8487 9.199 0.065
58050.8506 9.159 0.065
58051.1609 9.041 0.049
58051.1628 8.973 0.049
58051.4787 8.655 0.105
58051.4807 8.95 0.1
58052.0536 9.045 0.062
58052.0555 9.03 0.062
58052.1633 8.88 0.05
58052.1653 8.926 0.049
58052.4412 8.423 0.101
58056.0145 8.996 0.042
58056.0164 9.041 0.042
58057.4252 9.056 0.097
58057.4271 8.972 0.098
58059.1335 8.876 0.056
58059.1354 8.886 0.056
58059.4724 8.574 0.109
58059.4743 8.709 0.102
58060.1397 8.874 0.059
58060.1416 8.969 0.058
58060.8331 8.643 0.141
58061.809 8.745 0.083
58061.8109 8.678 0.084
58062.8128 8.948 0.079
58062.8147 8.89 0.08
58063.0717 9.102 0.078
58063.0736 8.956 0.1
58063.1057 9.057 0.053
58063.1076 9.043 0.053
58064.0809 8.975 0.063
58064.0828 8.943 0.063
58064.4454 9.159 0.094
58064.4473 9.171 0.094
58065.7703 9.231 0.079
58066.0501 9.203 0.061
58066.0519 9.196 0.061
58066.4344 9.367 0.095
58066.4363 9.268 0.095
58066.8105 9.229 0.077
58066.8124 9.242 0.077
58068.032 9.506 0.06
58068.0339 9.495 0.06
58068.4425 9.515 0.094
58068.4444 9.592 0.094
58069.1168 9.832 0.05
58069.1187 9.816 0.049
58069.4183 9.552 0.094
58069.4202 9.829 0.092
58070.0606 9.95 0.041
58070.0624 9.949 0.041
58071.4368 10.035 0.096
58071.4387 10.032 0.096
58074.057 10.211 0.042
58074.0589 10.199 0.042
58075.0273 10.014 0.06
58075.0292 10.042 0.06
58075.7778 10.19 0.073
58075.7796 10.165 0.073
58076.0338 10.101 0.042
58076.0357 10.118 0.042
58077.0953 10.177 0.056
58077.0972 10.155 0.057
58077.4356 10.275 0.097
58077.4375 10.269 0.097
58077.7862 10.113 0.076
58077.7881 10.057 0.081
58079.0303 10.232 0.042
58079.0322 10.206 0.042
58080.0882 10.197 0.057
58080.0901 10.165 0.058
58084.067 10.235 0.061
58084.0689 10.271 0.062
58085.0736 10.333 0.063
58085.0755 10.27 0.062
58091.0543 10.472 0.071
58091.0562 10.515 0.073
58092.0504 10.654 0.068
58092.0523 10.609 0.067
58254.4381597 8.184743123064104 0.0940937554451942
58262.4405208 8.620547412615654 0.09868561858149966
58267.4599653 8.634802698103906 0.09883595245493461
58270.4595023 8.704255819971385 0.0995685491155824
58274.4397801 8.793487991686142 0.10051007309886881
58277.4418634 8.976915239698908 0.10244651796865491
58280.4192361 9.222669184681385 0.10504308755066895
58283.4191088 9.174851167235623 0.10453765653692555
58286.4350347 9.312923120434585 0.10599729793347827
58290.4178356 9.199514866866236 0.10479833225257064
58293.4112731 9.141202098684433 0.10418204801422061
58301.4614699 9.564087545974695 0.10865440653782046
58307.4425694 9.311779388923307 0.10598519440390211
58312.3563542 9.469157495835935 0.10764983491171054
58318.3773495 8.88368433222534 0.10146209505628064
58321.376956 8.97752820994926 0.10245298459008595
58332.456875 10.488768437959394 0.11845730427918061
58338.358831 9.26648523972178 0.10550628771939345
58338.3606713 9.270508006450918 0.10554882155404746
58341.3094676 9.294891557150203 0.10580662596984189
58341.3103819 9.428280066491602 0.10721736220537306
58344.3531366 8.915870409683231 0.10180190578598126
58344.3540509 9.078873141129721 0.10352347712779507
58350.3354514 9.599596953689497 0.1090302559076297
58360.3589815 9.54008353937859 0.10840035374611208
58363.2951968 9.751272444253887 0.11063626109264306
58366.2698727 10.09836849294032 0.1143146946595789
58369.2747454 9.876285378848563 0.1119605875271254
58378.1894444 9.572871964273842 0.10874738304932074
58383.1882176 9.641265225797387 0.10947137334986826
58389.1908796 9.879577655482585 0.11199546881473718
58389.191794 9.710900395414559 0.11020869958397808
58397.1053241 10.2420272017711 0.11583843608019631
58400.1455787 10.154670975952637 0.11491178215450662
58424.1506597 10.99086778267176 0.1237930988532282
58425.1282639 9.935553250747931 0.1125886682956951
58426.1694213 9.876935756387011 0.11196748317609043
58427.1625579 11.50341574811227 0.1292487214759712
58427.1634722 8.67140073452102 0.09922196855764558
58428.1492361 10.122605274213619 0.11457171101847581
58430.1430208 9.99830464153238 0.11325377791330041
58430.1439236 9.885765145109907 0.11206104187800638
58431.1248495 9.844391893582886 0.11162266897034485
58457.0952662 10.721209937687176 0.12092636433331735
58575.1121 9.603 0.085
58575.1138 9.659 0.084
58575.3628 10.064 0.041
58575.3645 10.098 0.041
58576.1116 10.123 0.084
58576.1133 10.112 0.084
58576.3759 10.169 0.041
58576.3776 10.13 0.041
58577.1261 10.235 0.085
58577.1278 10.212 0.084
58580.3548 10.185 0.041
58580.3565 10.205 0.041
58580.3794 10.148 0.041
58580.3811 10.193 0.041
58580.7914 9.957 0.093
58580.7931 9.971 0.093
58581.3465 10.063 0.041
58581.3482 10.072 0.041
58582.3752 10.028 0.041
58582.3769 10.003 0.041
58583.088 9.941 0.074
58583.0897 9.848 0.074
58583.369 10.09 0.041
58583.3707 10.061 0.041
58584.1226 10.042 0.084
58584.1243 10.033 0.084
58584.3413 10.112 0.041
58584.343 10.087 0.041
58584.7715 9.893 0.093
58584.7732 9.942 0.093
58585.119 10.119 0.084
58585.1207 10.117 0.084
58585.3829 10.076 0.04
58585.3846 10.11 0.04
58585.7676 10.052 0.093
58585.7693 10.033 0.093
58586.1121 10.006 0.084
58586.1138 10.002 0.084
58586.3586 9.964 0.041
58586.3603 9.992 0.041
58586.7339 9.783 0.113
58587.3543 9.918 0.06
58587.356 9.902 0.06
58587.7579 9.884 0.093
58587.7596 9.801 0.096
58588.3892 9.832 0.04
58588.3909 9.807 0.04
58588.751 9.919 0.093
58588.7527 9.898 0.093
58589.3247 9.667 0.041
58589.3264 9.829 0.041
58589.7197 9.755 0.092
58589.7214 9.712 0.093
58590.3586 9.861 0.041
58590.3603 9.877 0.041
58590.7694 9.93 0.093
58590.7711 9.812 0.093
58591.0757 9.481 0.087
58591.0774 9.605 0.086
58591.1234 9.899 0.085
58591.1251 9.943 0.085
58591.758 9.438 0.094
58591.7597 9.668 0.093
58591.77 9.39 0.097
58591.7717 9.643 0.093
58592.0635 9.646 0.087
58592.0652 9.695 0.087
58593.0608 9.42 0.088
58593.0625 9.273 0.089
58593.3137 9.738 0.048
58593.3154 9.677 0.045
58593.7766 9.632 0.093
58593.7783 9.7 0.093
58594.311 9.698 0.045
58594.3127 9.669 0.045
58594.701 9.395 0.109
58595.3086 9.755 0.044
58595.3103 9.79 0.044
58595.6983 9.322 0.196
58596.4031 9.472 0.042
58596.4048 9.543 0.042
58596.7257 9.145 0.103
58596.7274 9.588 0.092
58598.0633 9.786 0.085
58598.065 9.747 0.085
58598.4524 9.377 0.045
58598.4541 9.329 0.046
58603.354 9.592 0.04
58603.3557 9.589 0.04
58604.031 9.622 0.085
58604.0327 9.627 0.084
58604.3046 9.615 0.06
58604.3063 9.59 0.06
58605.1024 9.814 0.084
58605.1041 9.799 0.084
58605.302 9.673 0.041
58605.3037 9.702 0.041
58606.3518 9.773 0.04
58606.3535 9.762 0.04
58607.4674074 9.543396863712909 0.10843542891709156
58608.3033 9.827 0.042
58608.305 9.837 0.041
58608.6974 9.761 0.092
58608.6991 9.714 0.092
58609.0808 9.818 0.109
58609.0825 9.826 0.116
58609.665 9.765 0.092
58609.6667 9.83 0.093
58610.0618 9.525 0.072
58610.0635 9.744 0.072
58610.6607 9.901 0.093
58610.6624 9.84 0.093
58610.767 9.827 0.092
58610.7687 9.841 0.093
58611.7633 9.939 0.092
58611.765 9.94 0.092
58613.0461 10.058 0.084
58613.0478 10.019 0.084
58613.2801 9.91 0.06
58613.2818 9.957 0.06
58614.0972 10.112 0.073
58614.0989 10.118 0.073
58615.1291 10.173 0.084
58615.1308 10.098 0.084
58615.2823 10.139 0.041
58615.284 10.184 0.041
58615.8065 10.14 0.092
58615.8082 10.227 0.092
58616.0623 10.354 0.085
58616.064 10.358 0.085
58616.3282 10.244 0.04
58616.3299 10.24 0.04
58617.161 10.159 0.073
58617.1627 10.145 0.073
58617.6468 10.13 0.094
58617.6485 10.18 0.094
58617.6997 10.185 0.094
58617.7015 10.228 0.094
58618.2637 10.204 0.042
58618.2654 10.241 0.042
58618.6339 10.125 0.095
58618.6356 10.186 0.095
58619.0798 10.247 0.086
58619.0815 10.202 0.094
58619.7119 10.214 0.093
58619.7136 10.251 0.093
58619.9868 10.177 0.075
58619.9885 10.186 0.075
58620.0818 10.319 0.074
58620.0835 10.382 0.075
58620.6278 9.912 0.104
58620.629 10.099 0.094
58620.6307 10.169 0.094
58620.9839 10.277 0.087
58620.9856 10.325 0.087
58621.1415 10.38 0.076
58621.1432 10.439 0.074
58621.6256 10.066 0.093
58621.6273 10.074 0.093
58621.9814 10.05 0.078
58621.9816 9.982 0.088
58621.9831 9.93 0.078
58621.9833 10.001 0.088
58622.2347 10.09 0.048
58622.2364 10.173 0.048
58622.7164 10.222 0.096
58622.7181 10.054 0.099
58622.988 9.95 0.133
58623.0218 10.042 0.087
58623.0235 10.118 0.087
58623.6202 9.96 0.092
58623.6219 10.033 0.092
58624.2293 9.983 0.06
58624.231 9.961 0.06
58624.2482 9.985 0.06
58624.2499 9.993 0.06
58624.6303 10.285 0.095
58624.632 10.262 0.093
58624.973 10.124 0.087
58624.9747 10.048 0.087
58625.29 10.202 0.044
58625.2917 10.224 0.044
58625.6921 10.446 0.096
58625.6938 10.403 0.095
58626.0034 10.308 0.074
58626.0051 10.303 0.074
58629.0586 10.378 0.279
58629.0603 10.262 0.103
58629.7587 10.386 0.093
58629.7604 10.514 0.093
58629.8134 10.335 0.093
58630.6748 10.256 0.094
58630.6765 10.296 0.094
58631.2845 10.291 0.052
58631.2862 9.917 0.066
58632.8135 10.159 0.094
58632.8152 10.139 0.094
58633.074 10.534 0.086
58633.0757 10.539 0.086
58633.394 10.183 0.054
58633.3957 10.168 0.054
58634.4594676 10.288155670780421 0.11632787384687447
58634.6315 10.357 0.095
58634.6331 10.389 0.095
58634.7421 10.553 0.093
58634.7438 10.548 0.093
58635.0867 10.49 0.073
58635.0884 10.497 0.073
58635.383 10.621 0.064
58635.3847 10.614 0.064
58635.9454 10.343 0.076
58635.9471 10.375 0.076
58636.2346 10.647 0.041
58636.2363 10.604 0.041
58637.0403 10.753 0.087
58637.042 10.796 0.088
58637.3625 10.673 0.065
58637.3643 10.683 0.065
58637.4590278 10.493707128465893 0.11850974259585909
58637.9404 10.44 0.086
58637.9421 10.424 0.086
58638.3617 10.312 0.078
58638.3634 10.546 0.047
58638.4009 10.62 0.041
58638.4026 10.632 0.041
58638.6562 10.26 0.093
58638.6579 10.161 0.092
58638.7469 10.33 0.093
58638.7486 9.783 0.091
58639.3487 10.436 0.085
58639.3504 10.465 0.078
58639.582 10.546 0.096
58639.5837 10.564 0.096
58640.1871 10.583 0.042
58640.3554 10.752 0.067
58640.3571 10.714 0.067
58640.4435417 10.48094032636247 0.1183741879661089
58640.5822 10.711 0.097
58640.5839 10.678 0.097
58641.1141 10.766 0.087
58641.1158 10.81 0.088
58641.421 10.557 0.04
58641.4227 10.571 0.041
58641.9266 10.637 0.087
58641.9283 10.676 0.087
58642.3399 10.672 0.04
58642.3416 10.661 0.04
58642.9792 10.776 0.074
58642.9809 10.782 0.074
58643.0895 10.838 0.075
58643.0912 10.772 0.074
58643.4389815 10.894481452068604 0.12276812471806973
58643.9492 10.127 0.072
58643.9509 10.313 0.072
58644.3136 10.907 0.067
58644.3153 10.901 0.067
58645.0447 10.585 0.086
58645.0463 10.53 0.086
58645.3845 10.764 0.068
58645.3862 10.807 0.068
58645.7706 10.871 0.099
58645.7723 10.89 0.1
58646.4185069 10.473207298672977 0.11829207886048486
58646.4299 10.621 0.065
58646.4316 10.582 0.063
58648.9454 10.588 0.075
58648.9471 10.605 0.075
58649.3810185 10.475427227931615 0.11831565493592398
58649.5494 10.019 0.094
58649.5511 9.996 0.094
58649.582 10.444 0.094
58649.5837 10.406 0.094
58650.0115 10.377 0.086
58650.0132 10.441 0.086
58650.2904 10.565 0.065
58650.292 10.535 0.065
58650.9141 9.863 0.122
58650.9158 9.962 0.108
58651.0038 10.029 0.11
58651.0055 9.968 0.107
58651.544 9.929 0.131
58651.5456 10.133 0.12
58651.6847 10.392 0.093
58651.6864 10.425 0.095
58651.8992 10.058 0.093
58651.9009 10.144 0.093
58652.8966 10.069 0.282
58652.8983 9.943 0.1
58653.367 10.402 0.064
58653.3687 10.418 0.064
58653.4269 10.493 0.063
58653.4286 10.444 0.062
58656.7592 10.165 0.093
58656.7609 10.206 0.093
58656.7904 9.992 0.153
58656.7921 10.108 0.097
58657.4178 10.382 0.042
58657.4195 10.424 0.042
58658.1364 10.243 0.085
58658.1381 10.226 0.085
58658.1651 10.253 0.073
58658.1667 10.21 0.073
58659.1068 10.175 0.073
58659.1085 10.072 0.073
58660.1711 10.186 0.041
58660.1728 10.215 0.041
58660.4247 10.177 0.061
58660.4264 10.293 0.061
58660.5585 10.143 0.094
58660.5602 10.246 0.094
58660.7373 10.17 0.092
58660.739 10.147 0.092
58661.1712 10.075 0.074
58661.1729 10.108 0.074
58661.4296 10.418 0.106
58661.4313 10.17 0.095
58661.7914 10.182 0.094
58661.7931 10.193 0.094
58661.8864 9.885 0.071
58661.8881 9.8 0.071
58662.1525 10.113 0.041
58662.1542 10.129 0.041
58662.4246 9.785 0.06
58662.7628 10.18 0.092
58662.7645 10.206 0.092
58663.32 10.164 0.053
58663.3217 10.167 0.053
58664.3552 10.337 0.063
58664.3568 10.316 0.063
58664.7058 10.113 0.094
58664.7075 9.776 0.093
58665.2325 10.266 0.061
58665.2342 10.23 0.061
58665.4821296 10.04882072391179 0.11378931004541251
58665.6808 10.303 0.097
58665.6825 10.31 0.097
58666.1323 10.133 0.061
58666.134 10.132 0.061
58666.2116 10.251 0.04
58666.2133 10.076 0.04
58666.7458 10.35 0.094
58666.7475 10.317 0.094
58667.1235 10.174 0.041
58667.1252 10.208 0.041
58668.0217 10.393 0.074
58668.0234 10.387 0.074
58668.2995718 10.287855831759515 0.1163246934688493
58668.3955 9.983 0.04
58668.3972 10.044 0.041
58669.2711 10.425 0.062
58669.2728 10.402 0.062
58669.4192 10.382 0.062
58669.4209 10.353 0.062
58669.8518 10.116 0.065
58669.8535 10.041 0.065
58670.2663 10.225 0.055
58670.268 10.23 0.055
58670.3714 10.188 0.054
58670.3731 10.052 0.051
58672.4262 9.998 0.053
58672.4279 9.78 0.095
58672.842 10.195 0.065
58672.8437 10.235 0.066
58673.2533 10.247 0.061
58673.255 9.987 0.071
58673.7495 10.449 0.095
58673.7512 10.336 0.094
58673.8413 9.899 0.085
58673.843 9.77 0.084
58673.8639 9.947 0.064
58673.8656 9.815 0.064
58674.4225231 10.086697543349398 0.11419091939955661
58675.1249 10.393 0.064
58675.1266 10.424 0.062
58675.4386 10.017 0.144
58675.842 10.357 0.073
58675.8437 10.371 0.073
58675.8744 10.396 0.075
58675.8761 10.415 0.075
58676.3781 10.464 0.047
58676.3798 10.474 0.045
58676.8312 10.285 0.067
58676.8329 10.297 0.067
58676.9502 10.493 0.086
58676.9519 10.522 0.086
58677.3362963 10.114757933288914 0.11448849447847319
58677.8823 10.392 0.087
58677.884 10.357 0.087
58677.9772 10.457 0.068
58677.9789 10.446 0.068
58678.3922 10.467 0.042
58678.3939 10.47 0.041
58678.8258 10.157 0.089
58678.8275 10.136 0.089
58679.2009 10.428 0.046
58679.2026 10.434 0.046
58679.8777 10.367 0.069
58679.8794 10.368 0.069
58680.1609 10.473 0.062
58680.1626 10.472 0.062
58680.4367 10.477 0.148
58680.4430787 10.249099707168375 0.11591347274389312
58683.7482 10.448 0.095
58683.7498 10.445 0.094
58684.1354 10.762 0.046
58684.1371 10.734 0.045
58684.3444 10.85 0.066
58684.3461 10.817 0.066
58684.663 10.81 0.096
58684.6647 10.754 0.095
58684.9753 10.994 0.077
58684.9769 10.942 0.076
58685.2579 10.87 0.07
58685.2596 10.918 0.071
58686.208 11.086 0.14
58686.2097 11.105 0.14
58686.7262 11.001 0.096
58686.7279 10.931 0.096
58687.5254 11.118 0.103
58687.5271 11.086 0.102
58687.764 10.894 0.096
58687.7657 10.903 0.096
58688.2702 10.945 0.071
58688.2719 10.963 0.071
58688.3151389 11.154691227736869 0.125535902925222
58688.3336 10.883 0.07
58688.3353 10.93 0.071
58689.2429 10.874 0.069
58689.2446 10.906 0.07
58689.3738 10.877 0.076
58689.3755 10.939 0.074
58689.8966 10.584 0.071
58689.8982 10.769 0.074
58690.2957986 10.919470800663404 0.12303382456277205
58690.3362 10.99 0.072
58690.3379 11.0 0.072
58690.4163 10.922 0.071
58690.7485 11.022 0.102
58690.7502 10.98 0.101
58691.1831 10.865 0.069
58691.1848 10.88 0.07
58692.0948 10.504 0.087
58692.0965 10.355 0.086
58692.3205 11.03 0.041
58692.3222 11.033 0.041
58692.8085 10.765 0.073
58692.8102 10.8 0.074
58693.0356 10.661 0.088
58693.0373 10.566 0.087
58693.2317 11.054 0.041
58693.2334 11.046 0.041
58693.2543 10.91 0.041
58693.256 10.942 0.041
58693.2942014 10.827887536136211 0.12206015622317351
58694.0964 10.961 0.041
58694.0981 10.994 0.041
58694.3329282 10.921749316810411 0.12305805799537987
58694.4013 10.965 0.137
58694.403 10.963 0.137
58694.6756 10.642 0.096
58694.6773 10.698 0.097
58695.2002 11.05 0.139
58695.202 11.019 0.138
58695.3258 10.873 0.041
58695.3275 10.901 0.041
58695.3831944 10.924477267277542 0.1230870758889089
58695.3840972 10.891891970434965 0.12274059153224298
58696.6136 10.714 0.094
58696.6153 10.786 0.095
58696.9514 10.942 0.077
58696.9531 10.949 0.077
58697.0914 10.811 0.088
58697.0931 10.832 0.088
58697.3854 10.711 0.067
58697.3871 10.647 0.066
58697.8148 10.745 0.073
58697.8165 10.719 0.072
58698.0844 10.622 0.087
58698.086 10.65 0.087
58698.3331019 10.75821066049163 0.12131956611524317
58698.3511 10.794 0.137
58698.3528 10.794 0.137
58698.5914 10.876 0.095
58698.5931 10.879 0.095
58699.0496 10.791 0.088
58699.0513 10.814 0.088
58699.3322 10.769 0.041
58699.3339 10.738 0.041
58699.7059 10.722 0.097
58699.7076 10.703 0.097
58700.0819 10.458 0.086
58700.0836 10.522 0.086
58700.2778 10.743 0.041
58700.2795 10.659 0.041
58700.3290856 10.473374164349885 0.11829385305268253
58700.6702 10.792 0.098
58700.6719 10.758 0.098
58701.1224 10.6 0.041
58701.1241 10.563 0.04
58701.3167 10.675 0.041
58701.3184 10.654 0.041
58701.3324421 10.660234079018824 0.12027848759408113
58701.3333449 10.471733426653582 0.11827642276047642
58701.6866 10.658 0.094
58701.6883 10.693 0.094
58702.0299 10.536 0.07
58702.0316 10.545 0.071
58702.3305671 10.57279232640384 0.11934960366737947
58702.477 10.102 0.094
58702.5078 10.576 0.094
58702.5095 10.501 0.093
58703.2094 10.537 0.138
58703.2111 10.556 0.138
58703.5601 10.557 0.094
58703.5618 10.594 0.094
58704.234 10.477 0.041
58704.2357 10.492 0.041
58704.3709491 10.51420525112127 0.1187274107344715
58704.3718519 10.55838160504907 0.11919656631353102
58704.3751 10.354 0.139
58704.3768 10.412 0.139
58704.7548 10.381 0.067
58704.7565 10.41 0.068
58705.0845 10.477 0.042
58705.0862 10.515 0.042
58705.3683 10.369 0.139
58705.37 10.398 0.139
58705.752 10.272 0.076
58705.7537 10.283 0.076
58706.0605 10.324 0.062
58706.0622 10.025 0.102
58707.1052 10.258 0.061
58707.1069 10.273 0.061
58707.3995139 10.116707269104843 0.11450916663170371
58707.5282 10.54 0.094
58707.53 10.497 0.094
58707.9586 10.402 0.076
58707.9603 10.402 0.076
58707.9829 10.385 0.068
58707.9846 10.373 0.068
58711.2093 10.043 0.153
58711.211 10.095 0.151
58711.2529745 10.0177076738699 0.11345946900042855
58711.2538773 9.87959618718768 0.11199568313875752
58711.565 10.13 0.094
58711.5667 10.192 0.094
58712.2076505 9.988676891310167 0.1131517268277548
58712.399 10.249 0.093
58712.4007 10.268 0.093
58712.7545 10.201 0.086
58712.7562 10.129 0.086
58712.9545 10.137 0.076
58712.9562 10.122 0.076
58713.7767 10.191 0.065
58713.7784 10.168 0.065
58714.2323727 9.979227135017515 0.11305154985574196
58714.2442361 10.010915825911132 0.11338746459586303
58714.5205 10.461 0.094
58714.5222 10.433 0.093
58714.7808 10.1 0.084
58714.7825 10.063 0.084
58714.8733 10.172 0.065
58714.875 10.179 0.065
58715.3361 10.185 0.14
58715.3379 10.178 0.14
58715.7616 10.059 0.065
58715.7633 10.154 0.065
58716.2598958 9.805526679903313 0.11121092540365349
58716.8836 10.234 0.085
58716.8853 10.221 0.085
58717.1642 10.066 0.051
58717.1659 10.082 0.052
58717.9019 10.283 0.072
58717.9036 10.285 0.072
58719.0183 9.951 0.04
58719.02 9.893 0.04
58719.7303 10.013 0.085
58719.732 10.002 0.085
58719.9174 10.078 0.066
58719.9191 10.1 0.066
58720.2499 10.081 0.052
58720.2516 10.07 0.052
58720.5675 10.112 0.092
58720.5693 10.158 0.092
58721.1009 9.902 0.146
58721.1025 9.903 0.146
58721.2897 9.929 0.146
58721.2914 9.967 0.145
58721.7283 9.823 0.084
58721.73 9.868 0.084
58722.1781 9.945 0.146
58722.2882 9.967 0.049
58722.2898 10.012 0.05
58722.7566 9.747 0.084
58722.7583 9.724 0.084
58723.2277 10.083 0.04
58723.2294 10.097 0.04
58723.2568287 9.723475811481952 0.11034186947272463
58723.2716 10.004 0.044
58723.2733 9.996 0.043
58724.906 9.99 0.072
58724.9077 10.114 0.072
58725.1607 10.049 0.04
58725.1624 10.057 0.04
58725.8117 9.919 0.064
58725.8134 9.82 0.065
58725.9767 9.608 0.041
58725.9784 9.634 0.041
58726.243125 9.825607995327063 0.11142366622063013
58727.1363 10.055 0.059
58727.138 10.049 0.059
58727.9888 10.033 0.084
58727.9905 10.037 0.084
58728.6368 9.886 0.092
58728.6385 9.855 0.092
58728.9759 9.998 0.072
58729.2296 10.107 0.059
58729.2313 10.124 0.059
58729.7217 10.086 0.085
58729.7234 10.049 0.085
58730.1189 10.138 0.04
58730.1206 10.082 0.04
58730.2341 10.003 0.05
58730.2359 10.047 0.051
58731.1785 9.463 0.06
58731.1803 9.615 0.06
58731.2657 9.484 0.046
58731.778 9.993 0.085
58731.7797 9.972 0.085
58732.1884259 9.663611327411758 0.10970796625333311
58732.7204 10.002 0.086
58732.7221 9.96 0.086
58733.5081 10.146 0.092
58733.5098 10.183 0.092
58733.7381 10.203 0.086
58733.7398 10.232 0.086
58734.0566 10.027 0.063
58734.0583 10.015 0.063
58734.8019 10.168 0.088
58734.8036 10.136 0.088
58739.1843 9.737 0.084
58739.186 9.575 0.107
58739.6018 10.502 0.095
58739.6035 10.478 0.095
58739.9775 9.574 0.048
58739.9792 9.688 0.048
58740.1951 9.707 0.06
58740.1968 9.693 0.06
58740.2082176 9.905504940008251 0.11227021231560025
58740.6011 10.055 0.092
58740.6028 9.923 0.092
58740.7751 10.333 0.067
58740.7768 10.305 0.067
58741.04 10.288 0.061
58741.0417 10.323 0.061
58741.558 10.427 0.094
58741.5597 10.409 0.094
58742.0438 9.964 0.042
58742.0455 10.143 0.042
58742.1402 10.512 0.065
58742.1419 10.471 0.065
58743.0323 10.313 0.041
58743.034 10.358 0.041
58743.1521 9.641 0.043
58743.2070602 10.454500155160414 0.11809346458517209
58743.7632 10.913 0.089
58743.7649 10.861 0.088
58743.9084 10.612 0.095
58743.9101 10.751 0.082
58743.9651 10.612 0.077
58743.9668 10.61 0.077
58744.165 10.375 0.042
58744.1667 10.188 0.042
58744.7996 10.385 0.082
58744.8013 10.491 0.082
58744.894 9.886 0.128
58745.2067 10.439 0.042
58745.2083 10.477 0.042
58745.8447 10.605 0.084
58745.8464 10.659 0.077
58746.1711 10.608 0.041
58746.1728 10.58 0.041
58746.8129 10.971 0.093
58746.8146 10.899 0.09
58747.203 10.471 0.064
58747.2047 10.391 0.064
58747.2763657 10.497998654660078 0.11855531727022334
58748.1949 10.745 0.065
58748.1966 10.684 0.065
58748.548 10.893 0.096
58748.5497 10.903 0.096
58749.0137 11.043 0.113
58749.0954 10.785 0.071
58749.0971 10.258 0.112
58749.4605 10.881 0.096
58749.4622 10.882 0.096
58750.0392 10.931 0.071
58750.0409 10.932 0.071
58750.1027 10.781 0.041
58750.1044 10.747 0.041
58750.2073727 11.207636873883933 0.12609935012752005
58750.7281 10.154 0.084
58750.7298 10.793 0.088
58751.0941 10.465 0.062
58751.0958 10.558 0.063
58751.1239 10.188 0.041
58751.1256 10.284 0.041
58751.7685 10.792 0.074
58751.7702 10.815 0.075
58751.8753 10.764 0.074
58751.877 10.784 0.074
58752.1654 10.679 0.041
58752.1671 10.67 0.041
58752.4984 10.83 0.095
58752.5001 10.833 0.095
58753.146 10.685 0.041
58753.1477 10.732 0.041
58753.7868 10.79 0.076
58753.7885 10.815 0.076
58754.1955 10.606 0.041
58754.1972 10.602 0.041
58755.1166 10.712 0.067
58755.1183 10.765 0.068
58755.4506 10.8 0.095
58755.4523 10.813 0.095
58756.0961 10.538 0.063
58757.1829 10.472 0.061
58757.5711 10.506 0.093
58757.5728 10.572 0.094
58758.0009 10.308 0.074
58758.0026 10.444 0.072
58758.1607 10.771 0.067
58758.1624 10.707 0.067
58758.4961 10.714 0.095
58758.4978 10.671 0.094
58759.1455 10.742 0.066
58759.1472 10.803 0.066
58759.7448 10.733 0.075
58759.7465 10.816 0.076
58760.7853 11.109 0.091
58760.7869 11.131 0.091
58760.8317 11.067 0.077
58760.8334 11.078 0.077
58761.5146 10.43 0.125
58761.5163 10.646 0.199
58761.795 11.192 0.092
58761.7967 11.191 0.092
58762.3937 10.774 0.095
58762.3954 10.795 0.096
58765.8025 11.069 0.078
58765.8042 10.9 0.076
58766.1459 11.218 0.072
58766.1476 11.223 0.072
58766.190706 10.994959468557415 0.12383662645861979
58766.4376 11.342 0.103
58766.4393 11.155 0.1
58766.7366 11.203 0.079
58766.7383 11.201 0.079
58766.7621 11.279 0.093
58766.7638 11.148 0.092
58766.9986 11.12 0.074
58767.0003 11.121 0.079
58767.8502 11.407 0.095
58767.8519 11.396 0.096
58767.8787 11.408 0.086
58767.8804 11.336 0.084
58768.0798 11.311 0.077
58768.0815 11.34 0.077
58768.7631 11.426 0.083
58768.7648 11.443 0.083
58769.0821 10.895 0.088
58769.0837 11.101 0.073
58769.1921181 11.271780028127154 0.12678208041675026
58769.415 11.41 0.101
58769.4167 11.284 0.1
58769.8082 11.085 0.092
58769.8099 10.865 0.089
58770.4568 11.522 0.101
58770.4585 11.512 0.101
58770.8388 11.458 0.095
58770.8405 11.348 0.094
58771.452 11.5 0.101
58771.4537 11.51 0.101
58771.4983 11.46 0.101
58771.5 11.448 0.101
58772.1227 11.308 0.05
58772.1244 11.254 0.052
58772.7585 11.625 0.097
58772.7602 11.619 0.097
58773.0923 11.451 0.076
58773.094 11.457 0.076
58773.1851852 11.601767057092205 0.13029657430655567
58773.3995 11.586 0.101
58773.4012 11.646 0.102
58774.3898 11.682 0.102
58774.3915 11.669 0.102
58774.8553 11.459 0.082
58774.857 11.447 0.082
58775.0151 11.319 0.074
58775.0168 11.343 0.075
58775.7419 11.843 0.086
58775.7435 11.844 0.086
58776.4569 11.57 0.101
58776.4586 11.644 0.102
58777.1203125 11.863724974413122 0.13308902950709758
58777.3851 11.86 0.104
58777.3868 11.829 0.104
58777.499 11.786 0.103
58777.5007 11.741 0.103
58777.7483 11.311 0.081
58777.75 11.032 0.077
58778.4305 11.923 0.105
58778.4322 11.928 0.105
58778.7563 11.866 0.116
58779.4501 11.986 0.106
58779.4518 12.037 0.107
58779.8108 11.747 0.1
58779.8125 11.856 0.102
58780.1226 12.054 0.092
58780.1243 11.989 0.09
58780.4003 12.03 0.107
58780.4019 11.978 0.106
58781.1096 11.863 0.042
58781.1113 11.813 0.042
58781.1248843 12.830374071234012 0.14341181889686827
58781.8226 12.049 0.09
58781.8243 12.186 0.092
58782.1005 12.156 0.042
58782.1022 12.118 0.042
58782.8157 12.346 0.096
58782.8174 12.361 0.095
58783.481 12.193 0.109
58783.4827 12.189 0.109
58783.5039 12.135 0.109
58783.5056 12.111 0.108
58785.1833912 12.64638183339972 0.14144480919912883
58787.4574 12.234 0.109
58787.4591 12.303 0.11
58787.8448 12.462 0.096
58787.8465 12.408 0.095
58788.1466 12.442 0.189
58788.1483 12.17 0.176
58788.4906 12.292 0.111
58788.4924 12.283 0.111
58788.7867 12.452 0.111
58788.7884 12.44 0.11
58789.112963 13.027721316774407 0.14552272180448111
58789.1419 12.146 0.175
58789.4684 12.619 0.114
58789.4701 12.62 0.114
58792.8062 12.847 0.119
58792.8079 12.836 0.119
58793.0228 12.527 0.097
58793.0245 12.529 0.097
58793.4761 12.737 0.116
58793.4777 12.742 0.116
58794.0841 12.526 0.045
58794.0858 12.493 0.045
58794.4003 12.816 0.116
58794.402 12.822 0.116
58794.8182 12.723 0.117
58794.8199 12.672 0.116
58795.0172 12.676 0.1
58795.0189 12.633 0.099
58795.7852 12.913 0.15
58796.4319 12.499 0.113
58796.4337 12.617 0.114
58796.8079 12.894 0.103
58796.8096 12.799 0.102
58797.0704 12.899 0.11
58797.0721 12.97 0.111
58797.129838 12.831516490908557 0.14342403335624448
58797.4545 12.745 0.116
58797.4562 12.729 0.116
58798.0079 12.683 0.045
58798.0096 12.761 0.045
58799.7665 12.962 0.104
58799.7682 12.988 0.105
58799.7898 12.911 0.104
58799.7915 12.92 0.104
58802.092581 13.191521200199684 0.14727562473853228
58805.0868634 13.848914980264748 0.15431835749442174
58812.1066435 13.35890413945935 0.14906766355121842
58987.458669 11.952958943933885 0.1340407638854343
58996.4199306 12.119440461712959 0.13581703675925524
58999.4154514 12.432491198536809 0.13915943537447412
59019.3360764 13.657882954020572 0.1522705610452514
59022.3551157 13.1368384402707 0.1466903528948571
59025.3345949 13.036557263841546 0.14561725371869083
59032.4607639 13.990201892596069 0.15583352512483184
59039.3555903 13.108722448335717 0.1463894532634808
59042.3346759 13.091145265664164 0.14620136414203108
59045.273912 13.185819497928708 0.1472145961713099
59048.3743171 13.176814704590356 0.147118208217889
59054.4401042 13.116031337430623 0.14646766565372046
59057.3773843 13.264266921476262 0.14805436336816705
59067.3285995 12.963350807939525 0.14483405844281302
59070.314294 13.127221764443401 0.1465874318781809
59076.2959838 13.348799157388894 0.14895946327780213
59081.2302894 13.274593224333199 0.14816491903834295
59099.359375 12.58376262718082 0.140775595493893
59111.1473843 12.823787083799152 0.14334138822784565
59123.168588 13.450139923434739 0.15004479903274298
59131.1714931 15.001639571324887 0.16669568618728897
59135.212338 13.450375987952771 0.15004731202156868
59137.2274074 13.424975349016556 0.14977526092516297
59139.1701505 13.78031496520882 0.15358287231164064
59143.1489583 13.348417173227226 0.14895536862746112
59149.1866667 13.791379209838105 0.15370149406301534
59150.1499421 13.508832124173814 0.15067349231895344
59151.1453704 13.553714034072259 0.15115433140295773
59152.1085995 13.72723436134639 0.15301386911965864
59157.1735301 13.623746814169131 0.15190475239941492
59158.1773611 13.919779983357978 0.1550782414239723
59164.1004514 13.69550325913032 0.15267375435555097
59165.1538079 13.553175405711634 0.15114856247134234
59168.1645139 13.675120614930306 0.15245530661086096
59170.1653009 13.626114133203718 0.1519301198103073
59172.0967361 13.695679726178417 0.15267564952529783
59175.0700694 13.454456221910261 0.1500910282602845
59178.1099653 13.616560112307102 0.15182771477587412
59182.1300116 13.978908835961372 0.15571237777297664
59299.3968 12.194 0.09
59299.3985 12.179 0.09
59304.3832 12.163 0.046
59304.3849 12.151 0.046
59308.7705 12.379 0.111
59308.7722 12.353 0.111
59316.7866 12.59 0.113
59316.7883 12.66 0.114
59321.1529 13.178 0.121
59321.1546 13.195 0.122
59326.0703 13.745 0.122
59326.072 13.165 0.111
59330.7652 13.617 0.147
59330.7669 13.608 0.147
59332.0969 13.864 0.143
59332.0986 13.827 0.142
59336.3113 13.678 0.051
59336.313 13.665 0.052
59343.1507 14.418 0.133
59343.1524 14.433 0.134
59345.2973 14.2 0.043
59345.299 14.198 0.043
59346.2696 13.959 0.125
59346.2713 13.939 0.125
59347.1665 14.059 0.126
59347.1682 14.288 0.131
59349.2796 13.964 0.125
59349.2813 13.911 0.123
59350.3699 14.022 0.127
59350.3716 14.013 0.127
59351.2554 13.807 0.122
59351.2571 13.78 0.122
59352.2832 13.979 0.043
59352.2849 14.011 0.043
59352.3048 14.064 0.06
59352.3055 14.137 0.062
59353.0517 13.818 0.145
59353.0524 13.786 0.145
59353.9995 13.42 0.12
59354.0002 13.571 0.12
59356.2597 13.979 0.135
59356.2603 13.865 0.133
59357.0436 13.663 0.132
59358.0583 13.397 0.12
59361.9931 13.251 0.145
59361.9938 13.28 0.145
59363.7184 13.235 0.13
59368.1984 13.507 0.115
59369.0967 13.336 0.136
59370.3019 13.768 0.13
59370.3025 13.775 0.131
59371.3193 13.714 0.056
59371.3199 13.743 0.056
59372.2459 13.834 0.132
59373.2914 13.612 0.056
59373.2921 13.538 0.056
59374.2428 13.55 0.056
