58254.4381597 8.184743123064104 0.0940937554451942
58262.4405208 8.620547412615654 0.09868561858149966
58267.4599653 8.634802698103906 0.09883595245493461
58270.4595023 8.704255819971385 0.0995685491155824
58274.4397801 8.793487991686142 0.10051007309886881
58277.4418634 8.976915239698908 0.10244651796865491
58280.4192361 9.222669184681385 0.10504308755066895
58283.4191088 9.174851167235623 0.10453765653692555
58286.4350347 9.312923120434585 0.10599729793347827
58290.4178356 9.199514866866236 0.10479833225257064
58293.4112731 9.141202098684433 0.10418204801422061
58301.4614699 9.564087545974695 0.10865440653782046
58307.4425694 9.311779388923307 0.10598519440390211
58312.3563542 9.469157495835935 0.10764983491171054
58318.3773495 8.88368433222534 0.10146209505628064
58321.376956 8.97752820994926 0.10245298459008595
58332.456875 10.488768437959394 0.11845730427918061
58338.358831 9.26648523972178 0.10550628771939345
58338.3606713 9.270508006450918 0.10554882155404746
58341.3094676 9.294891557150203 0.10580662596984189
58341.3103819 9.428280066491602 0.10721736220537306
58344.3531366 8.915870409683231 0.10180190578598126
58344.3540509 9.078873141129721 0.10352347712779507
58350.3354514 9.599596953689497 0.1090302559076297
58360.3589815 9.54008353937859 0.10840035374611208
58363.2951968 9.751272444253887 0.11063626109264306
58366.2698727 10.09836849294032 0.1143146946595789
58369.2747454 9.876285378848563 0.1119605875271254
58378.1894444 9.572871964273842 0.10874738304932074
58383.1882176 9.641265225797387 0.10947137334986826
58389.1908796 9.879577655482585 0.11199546881473718
58389.191794 9.710900395414559 0.11020869958397808
58397.1053241 10.2420272017711 0.11583843608019631
58400.1455787 10.154670975952637 0.11491178215450662
58424.1506597 10.99086778267176 0.1237930988532282
58425.1282639 9.935553250747931 0.1125886682956951
58426.1694213 9.876935756387011 0.11196748317609043
58427.1625579 11.50341574811227 0.1292487214759712
58427.1634722 8.67140073452102 0.09922196855764558
58428.1492361 10.122605274213619 0.11457171101847581
58430.1430208 9.99830464153238 0.11325377791330041
58430.1439236 9.885765145109907 0.11206104187800638
58431.1248495 9.844391893582886 0.11162266897034485
58457.0952662 10.721209937687176 0.12092636433331735
58575.1121 9.603 0.085
58575.1138 9.659 0.084
58575.3628 10.064 0.041
58575.3645 10.098 0.041
58576.1116 10.123 0.084
58576.1133 10.112 0.084
58576.3759 10.169 0.041
58576.3776 10.13 0.041
58577.1261 10.235 0.085
58577.1278 10.212 0.084
58580.3548 10.185 0.041
58580.3565 10.205 0.041
58580.3794 10.148 0.041
58580.3811 10.193 0.041
58580.7914 9.957 0.093
58580.7931 9.971 0.093
58581.3465 10.063 0.041
58581.3482 10.072 0.041
58582.3752 10.028 0.041
58582.3769 10.003 0.041
58583.088 9.941 0.074
58583.0897 9.848 0.074
58583.369 10.09 0.041
58583.3707 10.061 0.041
58584.1226 10.042 0.084
58584.1243 10.033 0.084
58584.3413 10.112 0.041
58584.343 10.087 0.041
58584.7715 9.893 0.093
58584.7732 9.942 0.093
58585.119 10.119 0.084
58585.1207 10.117 0.084
58585.3829 10.076 0.04
58585.3846 10.11 0.04
58585.7676 10.052 0.093
58585.7693 10.033 0.093
58586.1121 10.006 0.084
58586.1138 10.002 0.084
58586.3586 9.964 0.041
58586.3603 9.992 0.041
58586.7339 9.783 0.113
58587.3543 9.918 0.06
58587.356 9.902 0.06
58587.7579 9.884 0.093
58587.7596 9.801 0.096
58588.3892 9.832 0.04
58588.3909 9.807 0.04
58588.751 9.919 0.093
58588.7527 9.898 0.093
58589.3247 9.667 0.041
58589.3264 9.829 0.041
58589.7197 9.755 0.092
58589.7214 9.712 0.093
58590.3586 9.861 0.041
58590.3603 9.877 0.041
58590.7694 9.93 0.093
58590.7711 9.812 0.093
58591.0757 9.481 0.087
58591.0774 9.605 0.086
58591.1234 9.899 0.085
58591.1251 9.943 0.085
58591.758 9.438 0.094
58591.7597 9.668 0.093
58591.77 9.39 0.097
58591.7717 9.643 0.093
58592.0635 9.646 0.087
58592.0652 9.695 0.087
58593.0608 9.42 0.088
58593.0625 9.273 0.089
58593.3137 9.738 0.048
58593.3154 9.677 0.045
58593.7766 9.632 0.093
58593.7783 9.7 0.093
58594.311 9.698 0.045
58594.3127 9.669 0.045
58594.701 9.395 0.109
58595.3086 9.755 0.044
58595.3103 9.79 0.044
58595.6983 9.322 0.196
58596.4031 9.472 0.042
58596.4048 9.543 0.042
58596.7257 9.145 0.103
58596.7274 9.588 0.092
58598.0633 9.786 0.085
58598.065 9.747 0.085
58598.4524 9.377 0.045
58598.4541 9.329 0.046
58603.354 9.592 0.04
58603.3557 9.589 0.04
58604.031 9.622 0.085
58604.0327 9.627 0.084
58604.3046 9.615 0.06
58604.3063 9.59 0.06
58605.1024 9.814 0.084
58605.1041 9.799 0.084
58605.302 9.673 0.041
58605.3037 9.702 0.041
58606.3518 9.773 0.04
58606.3535 9.762 0.04
58607.4674074 9.543396863712909 0.10843542891709156
58608.3033 9.827 0.042
58608.305 9.837 0.041
58608.6974 9.761 0.092
58608.6991 9.714 0.092
58609.0808 9.818 0.109
58609.0825 9.826 0.116
58609.665 9.765 0.092
58609.6667 9.83 0.093
58610.0618 9.525 0.072
58610.0635 9.744 0.072
58610.6607 9.901 0.093
58610.6624 9.84 0.093
58610.767 9.827 0.092
58610.7687 9.841 0.093
58611.7633 9.939 0.092
58611.765 9.94 0.092
58613.0461 10.058 0.084
58613.0478 10.019 0.084
58613.2801 9.91 0.06
58613.2818 9.957 0.06
58614.0972 10.112 0.073
58614.0989 10.118 0.073
58615.1291 10.173 0.084
58615.1308 10.098 0.084
58615.2823 10.139 0.041
58615.284 10.184 0.041
58615.8065 10.14 0.092
58615.8082 10.227 0.092
58616.0623 10.354 0.085
58616.064 10.358 0.085
58616.3282 10.244 0.04
58616.3299 10.24 0.04
58617.161 10.159 0.073
58617.1627 10.145 0.073
58617.6468 10.13 0.094
58617.6485 10.18 0.094
58617.6997 10.185 0.094
58617.7015 10.228 0.094
58618.2637 10.204 0.042
58618.2654 10.241 0.042
58618.6339 10.125 0.095
58618.6356 10.186 0.095
58619.0798 10.247 0.086
58619.0815 10.202 0.094
58619.7119 10.214 0.093
58619.7136 10.251 0.093
58619.9868 10.177 0.075
58619.9885 10.186 0.075
58620.0818 10.319 0.074
58620.0835 10.382 0.075
58620.6278 9.912 0.104
58620.629 10.099 0.094
58620.6307 10.169 0.094
58620.9839 10.277 0.087
58620.9856 10.325 0.087
58621.1415 10.38 0.076
58621.1432 10.439 0.074
58621.6256 10.066 0.093
58621.6273 10.074 0.093
58621.9814 10.05 0.078
58621.9816 9.982 0.088
58621.9831 9.93 0.078
58621.9833 10.001 0.088
58622.2347 10.09 0.048
58622.2364 10.173 0.048
58622.7164 10.222 0.096
58622.7181 10.054 0.099
58622.988 9.95 0.133
58623.0218 10.042 0.087
58623.0235 10.118 0.087
58623.6202 9.96 0.092
58623.6219 10.033 0.092
58624.2293 9.983 0.06
58624.231 9.961 0.06
58624.2482 9.985 0.06
58624.2499 9.993 0.06
58624.6303 10.285 0.095
58624.632 10.262 0.093
58624.973 10.124 0.087
58624.9747 10.048 0.087
58625.29 10.202 0.044
58625.2917 10.224 0.044
58625.6921 10.446 0.096
58625.6938 10.403 0.095
58626.0034 10.308 0.074
58626.0051 10.303 0.074
58629.0586 10.378 0.279
58629.0603 10.262 0.103
58629.7587 10.386 0.093
58629.7604 10.514 0.093
58629.8134 10.335 0.093
58630.6748 10.256 0.094
58630.6765 10.296 0.094
58631.2845 10.291 0.052
58631.2862 9.917 0.066
58632.8135 10.159 0.094
58632.8152 10.139 0.094
58633.074 10.534 0.086
58633.0757 10.539 0.086
58633.394 10.183 0.054
58633.3957 10.168 0.054
58634.4594676 10.288155670780421 0.11632787384687447
58634.6315 10.357 0.095
58634.6331 10.389 0.095
58634.7421 10.553 0.093
58634.7438 10.548 0.093
58635.0867 10.49 0.073
58635.0884 10.497 0.073
58635.383 10.621 0.064
58635.3847 10.614 0.064
58635.9454 10.343 0.076
58635.9471 10.375 0.076
58636.2346 10.647 0.041
58636.2363 10.604 0.041
58637.0403 10.753 0.087
58637.042 10.796 0.088
58637.3625 10.673 0.065
58637.3643 10.683 0.065
58637.4590278 10.493707128465893 0.11850974259585909
58637.9404 10.44 0.086
58637.9421 10.424 0.086
58638.3617 10.312 0.078
58638.3634 10.546 0.047
58638.4009 10.62 0.041
58638.4026 10.632 0.041
58638.6562 10.26 0.093
58638.6579 10.161 0.092
58638.7469 10.33 0.093
58638.7486 9.783 0.091
58639.3487 10.436 0.085
58639.3504 10.465 0.078
58639.582 10.546 0.096
58639.5837 10.564 0.096
58640.1871 10.583 0.042
58640.3554 10.752 0.067
58640.3571 10.714 0.067
58640.4435417 10.48094032636247 0.1183741879661089
58640.5822 10.711 0.097
58640.5839 10.678 0.097
58641.1141 10.766 0.087
58641.1158 10.81 0.088
58641.421 10.557 0.04
58641.4227 10.571 0.041
58641.9266 10.637 0.087
58641.9283 10.676 0.087
58642.3399 10.672 0.04
58642.3416 10.661 0.04
58642.9792 10.776 0.074
58642.9809 10.782 0.074
58643.0895 10.838 0.075
58643.0912 10.772 0.074
58643.4389815 10.894481452068604 0.12276812471806973
58643.9492 10.127 0.072
58643.9509 10.313 0.072
58644.3136 10.907 0.067
58644.3153 10.901 0.067
58645.0447 10.585 0.086
58645.0463 10.53 0.086
58645.3845 10.764 0.068
58645.3862 10.807 0.068
58645.7706 10.871 0.099
58645.7723 10.89 0.1
58646.4185069 10.473207298672977 0.11829207886048486
58646.4299 10.621 0.065
58646.4316 10.582 0.063
58648.9454 10.588 0.075
58648.9471 10.605 0.075
58649.3810185 10.475427227931615 0.11831565493592398
58649.5494 10.019 0.094
58649.5511 9.996 0.094
58649.582 10.444 0.094
58649.5837 10.406 0.094
58650.0115 10.377 0.086
58650.0132 10.441 0.086
58650.2904 10.565 0.065
58650.292 10.535 0.065
58650.9141 9.863 0.122
58650.9158 9.962 0.108
58651.0038 10.029 0.11
58651.0055 9.968 0.107
58651.544 9.929 0.131
58651.5456 10.133 0.12
58651.6847 10.392 0.093
58651.6864 10.425 0.095
58651.8992 10.058 0.093
58651.9009 10.144 0.093
58652.8966 10.069 0.282
58652.8983 9.943 0.1
58653.367 10.402 0.064
58653.3687 10.418 0.064
58653.4269 10.493 0.063
58653.4286 10.444 0.062
58656.7592 10.165 0.093
58656.7609 10.206 0.093
58656.7904 9.992 0.153
58656.7921 10.108 0.097
58657.4178 10.382 0.042
58657.4195 10.424 0.042
58658.1364 10.243 0.085
58658.1381 10.226 0.085
58658.1651 10.253 0.073
58658.1667 10.21 0.073
58659.1068 10.175 0.073
58659.1085 10.072 0.073
58660.1711 10.186 0.041
58660.1728 10.215 0.041
58660.4247 10.177 0.061
58660.4264 10.293 0.061
58660.5585 10.143 0.094
58660.5602 10.246 0.094
58660.7373 10.17 0.092
58660.739 10.147 0.092
58661.1712 10.075 0.074
58661.1729 10.108 0.074
58661.4296 10.418 0.106
58661.4313 10.17 0.095
58661.7914 10.182 0.094
58661.7931 10.193 0.094
58661.8864 9.885 0.071
58661.8881 9.8 0.071
58662.1525 10.113 0.041
58662.1542 10.129 0.041
58662.4246 9.785 0.06
58662.7628 10.18 0.092
58662.7645 10.206 0.092
58663.32 10.164 0.053
58663.3217 10.167 0.053
58664.3552 10.337 0.063
58664.3568 10.316 0.063
58664.7058 10.113 0.094
58664.7075 9.776 0.093
58665.2325 10.266 0.061
58665.2342 10.23 0.061
58665.4821296 10.04882072391179 0.11378931004541251
58665.6808 10.303 0.097
58665.6825 10.31 0.097
58666.1323 10.133 0.061
58666.134 10.132 0.061
58666.2116 10.251 0.04
58666.2133 10.076 0.04
58666.7458 10.35 0.094
58666.7475 10.317 0.094
58667.1235 10.174 0.041
58667.1252 10.208 0.041
58668.0217 10.393 0.074
58668.0234 10.387 0.074
58668.2995718 10.287855831759515 0.1163246934688493
58668.3955 9.983 0.04
58668.3972 10.044 0.041
58669.2711 10.425 0.062
58669.2728 10.402 0.062
58669.4192 10.382 0.062
58669.4209 10.353 0.062
58669.8518 10.116 0.065
58669.8535 10.041 0.065
58670.2663 10.225 0.055
58670.268 10.23 0.055
58670.3714 10.188 0.054
58670.3731 10.052 0.051
58672.4262 9.998 0.053
58672.4279 9.78 0.095
58672.842 10.195 0.065
58672.8437 10.235 0.066
58673.2533 10.247 0.061
58673.255 9.987 0.071
58673.7495 10.449 0.095
58673.7512 10.336 0.094
58673.8413 9.899 0.085
58673.843 9.77 0.084
58673.8639 9.947 0.064
58673.8656 9.815 0.064
58674.4225231 10.086697543349398 0.11419091939955661
58675.1249 10.393 0.064
58675.1266 10.424 0.062
58675.4386 10.017 0.144
58675.842 10.357 0.073
58675.8437 10.371 0.073
58675.8744 10.396 0.075
58675.8761 10.415 0.075
58676.3781 10.464 0.047
58676.3798 10.474 0.045
58676.8312 10.285 0.067
58676.8329 10.297 0.067
58676.9502 10.493 0.086
58676.9519 10.522 0.086
58677.3362963 10.114757933288914 0.11448849447847319
58677.8823 10.392 0.087
58677.884 10.357 0.087
58677.9772 10.457 0.068
58677.9789 10.446 0.068
58678.3922 10.467 0.042
58678.3939 10.47 0.041
58678.8258 10.157 0.089
58678.8275 10.136 0.089
58679.2009 10.428 0.046
58679.2026 10.434 0.046
58679.8777 10.367 0.069
58679.8794 10.368 0.069
58680.1609 10.473 0.062
58680.1626 10.472 0.062
58680.4367 10.477 0.148
58680.4430787 10.249099707168375 0.11591347274389312
58683.7482 10.448 0.095
58683.7498 10.445 0.094
58684.1354 10.762 0.046
58684.1371 10.734 0.045
58684.3444 10.85 0.066
58684.3461 10.817 0.066
58684.663 10.81 0.096
58684.6647 10.754 0.095
58684.9753 10.994 0.077
58684.9769 10.942 0.076
58685.2579 10.87 0.07
58685.2596 10.918 0.071
58686.208 11.086 0.14
58686.2097 11.105 0.14
58686.7262 11.001 0.096
58686.7279 10.931 0.096
58687.5254 11.118 0.103
58687.5271 11.086 0.102
58687.764 10.894 0.096
58687.7657 10.903 0.096
58688.2702 10.945 0.071
58688.2719 10.963 0.071
58688.3151389 11.154691227736869 0.125535902925222
58688.3336 10.883 0.07
58688.3353 10.93 0.071
58689.2429 10.874 0.069
58689.2446 10.906 0.07
58689.3738 10.877 0.076
58689.3755 10.939 0.074
58689.8966 10.584 0.071
58689.8982 10.769 0.074
58690.2957986 10.919470800663404 0.12303382456277205
58690.3362 10.99 0.072
58690.3379 11.0 0.072
58690.4163 10.922 0.071
58690.7485 11.022 0.102
58690.7502 10.98 0.101
58691.1831 10.865 0.069
58691.1848 10.88 0.07
58692.0948 10.504 0.087
58692.0965 10.355 0.086
58692.3205 11.03 0.041
58692.3222 11.033 0.041
58692.8085 10.765 0.073
58692.8102 10.8 0.074
58693.0356 10.661 0.088
58693.0373 10.566 0.087
58693.2317 11.054 0.041
58693.2334 11.046 0.041
58693.2543 10.91 0.041
58693.256 10.942 0.041
58693.2942014 10.827887536136211 0.12206015622317351
58694.0964 10.961 0.041
58694.0981 10.994 0.041
58694.3329282 10.921749316810411 0.12305805799537987
58694.4013 10.965 0.137
58694.403 10.963 0.137
58694.6756 10.642 0.096
58694.6773 10.698 0.097
58695.2002 11.05 0.139
58695.202 11.019 0.138
58695.3258 10.873 0.041
58695.3275 10.901 0.041
58695.3831944 10.924477267277542 0.1230870758889089
58695.3840972 10.891891970434965 0.12274059153224298
58696.6136 10.714 0.094
58696.6153 10.786 0.095
58696.9514 10.942 0.077
58696.9531 10.949 0.077
58697.0914 10.811 0.088
58697.0931 10.832 0.088
58697.3854 10.711 0.067
58697.3871 10.647 0.066
58697.8148 10.745 0.073
58697.8165 10.719 0.072
58698.0844 10.622 0.087
58698.086 10.65 0.087
58698.3331019 10.75821066049163 0.12131956611524317
58698.3511 10.794 0.137
58698.3528 10.794 0.137
58698.5914 10.876 0.095
58698.5931 10.879 0.095
58699.0496 10.791 0.088
58699.0513 10.814 0.088
58699.3322 10.769 0.041
58699.3339 10.738 0.041
58699.7059 10.722 0.097
58699.7076 10.703 0.097
58700.0819 10.458 0.086
58700.0836 10.522 0.086
58700.2778 10.743 0.041
58700.2795 10.659 0.041
58700.3290856 10.473374164349885 0.11829385305268253
58700.6702 10.792 0.098
58700.6719 10.758 0.098
58701.1224 10.6 0.041
58701.1241 10.563 0.04
58701.3167 10.675 0.041
58701.3184 10.654 0.041
58701.3324421 10.660234079018824 0.12027848759408113
58701.3333449 10.471733426653582 0.11827642276047642
58701.6866 10.658 0.094
58701.6883 10.693 0.094
58702.0299 10.536 0.07
58702.0316 10.545 0.071
58702.3305671 10.57279232640384 0.11934960366737947
58702.477 10.102 0.094
58702.5078 10.576 0.094
58702.5095 10.501 0.093
58703.2094 10.537 0.138
58703.2111 10.556 0.138
58703.5601 10.557 0.094
58703.5618 10.594 0.094
58704.234 10.477 0.041
58704.2357 10.492 0.041
58704.3709491 10.51420525112127 0.1187274107344715
58704.3718519 10.55838160504907 0.11919656631353102
58704.3751 10.354 0.139
58704.3768 10.412 0.139
58704.7548 10.381 0.067
58704.7565 10.41 0.068
58705.0845 10.477 0.042
58705.0862 10.515 0.042
58705.3683 10.369 0.139
58705.37 10.398 0.139
58705.752 10.272 0.076
58705.7537 10.283 0.076
58706.0605 10.324 0.062
58706.0622 10.025 0.102
58707.1052 10.258 0.061
58707.1069 10.273 0.061
58707.3995139 10.116707269104843 0.11450916663170371
58707.5282 10.54 0.094
58707.53 10.497 0.094
58707.9586 10.402 0.076
58707.9603 10.402 0.076
58707.9829 10.385 0.068
58707.9846 10.373 0.068
58711.2093 10.043 0.153
58711.211 10.095 0.151
58711.2529745 10.0177076738699 0.11345946900042855
58711.2538773 9.87959618718768 0.11199568313875752
58711.565 10.13 0.094
58711.5667 10.192 0.094
58712.2076505 9.988676891310167 0.1131517268277548
58712.399 10.249 0.093
58712.4007 10.268 0.093
58712.7545 10.201 0.086
58712.7562 10.129 0.086
58712.9545 10.137 0.076
58712.9562 10.122 0.076
58713.7767 10.191 0.065
58713.7784 10.168 0.065
58714.2323727 9.979227135017515 0.11305154985574196
58714.2442361 10.010915825911132 0.11338746459586303
58714.5205 10.461 0.094
58714.5222 10.433 0.093
58714.7808 10.1 0.084
58714.7825 10.063 0.084
58714.8733 10.172 0.065
58714.875 10.179 0.065
58715.3361 10.185 0.14
58715.3379 10.178 0.14
58715.7616 10.059 0.065
58715.7633 10.154 0.065
58716.2598958 9.805526679903313 0.11121092540365349
58716.8836 10.234 0.085
58716.8853 10.221 0.085
58717.1642 10.066 0.051
58717.1659 10.082 0.052
58717.9019 10.283 0.072
58717.9036 10.285 0.072
58719.0183 9.951 0.04
58719.02 9.893 0.04
58719.7303 10.013 0.085
58719.732 10.002 0.085
58719.9174 10.078 0.066
58719.9191 10.1 0.066
58720.2499 10.081 0.052
58720.2516 10.07 0.052
58720.5675 10.112 0.092
58720.5693 10.158 0.092
58721.1009 9.902 0.146
58721.1025 9.903 0.146
58721.2897 9.929 0.146
58721.2914 9.967 0.145
58721.7283 9.823 0.084
58721.73 9.868 0.084
58722.1781 9.945 0.146
58722.2882 9.967 0.049
58722.2898 10.012 0.05
58722.7566 9.747 0.084
58722.7583 9.724 0.084
58723.2277 10.083 0.04
58723.2294 10.097 0.04
58723.2568287 9.723475811481952 0.11034186947272463
58723.2716 10.004 0.044
58723.2733 9.996 0.043
58724.906 9.99 0.072
58724.9077 10.114 0.072
58725.1607 10.049 0.04
58725.1624 10.057 0.04
58725.8117 9.919 0.064
58725.8134 9.82 0.065
58725.9767 9.608 0.041
58725.9784 9.634 0.041
58726.243125 9.825607995327063 0.11142366622063013
58727.1363 10.055 0.059
58727.138 10.049 0.059
58727.9888 10.033 0.084
58727.9905 10.037 0.084
58728.6368 9.886 0.092
58728.6385 9.855 0.092
58728.9759 9.998 0.072
58729.2296 10.107 0.059
58729.2313 10.124 0.059
58729.7217 10.086 0.085
58729.7234 10.049 0.085
58730.1189 10.138 0.04
58730.1206 10.082 0.04
58730.2341 10.003 0.05
58730.2359 10.047 0.051
58731.1785 9.463 0.06
58731.1803 9.615 0.06
58731.2657 9.484 0.046
58731.778 9.993 0.085
58731.7797 9.972 0.085
58732.1884259 9.663611327411758 0.10970796625333311
58732.7204 10.002 0.086
58732.7221 9.96 0.086
58733.5081 10.146 0.092
58733.5098 10.183 0.092
58733.7381 10.203 0.086
58733.7398 10.232 0.086
58734.0566 10.027 0.063
58734.0583 10.015 0.063
58734.8019 10.168 0.088
58734.8036 10.136 0.088
58739.1843 9.737 0.084
58739.186 9.575 0.107
58739.6018 10.502 0.095
58739.6035 10.478 0.095
58739.9775 9.574 0.048
58739.9792 9.688 0.048
58740.1951 9.707 0.06
58740.1968 9.693 0.06
58740.2082176 9.905504940008251 0.11227021231560025
58740.6011 10.055 0.092
58740.6028 9.923 0.092
58740.7751 10.333 0.067
58740.7768 10.305 0.067
58741.04 10.288 0.061
58741.0417 10.323 0.061
58741.558 10.427 0.094
58741.5597 10.409 0.094
58742.0438 9.964 0.042
58742.0455 10.143 0.042
58742.1402 10.512 0.065
58742.1419 10.471 0.065
58743.0323 10.313 0.041
58743.034 10.358 0.041
58743.1521 9.641 0.043
58743.2070602 10.454500155160414 0.11809346458517209
58743.7632 10.913 0.089
58743.7649 10.861 0.088
58743.9084 10.612 0.095
58743.9101 10.751 0.082
58743.9651 10.612 0.077
58743.9668 10.61 0.077
58744.165 10.375 0.042
58744.1667 10.188 0.042
58744.7996 10.385 0.082
58744.8013 10.491 0.082
58744.894 9.886 0.128
58745.2067 10.439 0.042
58745.2083 10.477 0.042
58745.8447 10.605 0.084
58745.8464 10.659 0.077
58746.1711 10.608 0.041
58746.1728 10.58 0.041
58746.8129 10.971 0.093
58746.8146 10.899 0.09
58747.203 10.471 0.064
58747.2047 10.391 0.064
58747.2763657 10.497998654660078 0.11855531727022334
58748.1949 10.745 0.065
58748.1966 10.684 0.065
58748.548 10.893 0.096
58748.5497 10.903 0.096
58749.0137 11.043 0.113
58749.0954 10.785 0.071
58749.0971 10.258 0.112
58749.4605 10.881 0.096
58749.4622 10.882 0.096
58750.0392 10.931 0.071
58750.0409 10.932 0.071
58750.1027 10.781 0.041
58750.1044 10.747 0.041
58750.2073727 11.207636873883933 0.12609935012752005
58750.7281 10.154 0.084
58750.7298 10.793 0.088
58751.0941 10.465 0.062
58751.0958 10.558 0.063
58751.1239 10.188 0.041
58751.1256 10.284 0.041
58751.7685 10.792 0.074
58751.7702 10.815 0.075
58751.8753 10.764 0.074
58751.877 10.784 0.074
58752.1654 10.679 0.041
58752.1671 10.67 0.041
58752.4984 10.83 0.095
58752.5001 10.833 0.095
58753.146 10.685 0.041
58753.1477 10.732 0.041
58753.7868 10.79 0.076
58753.7885 10.815 0.076
58754.1955 10.606 0.041
58754.1972 10.602 0.041
58755.1166 10.712 0.067
58755.1183 10.765 0.068
58755.4506 10.8 0.095
58755.4523 10.813 0.095
58756.0961 10.538 0.063
58757.1829 10.472 0.061
58757.5711 10.506 0.093
58757.5728 10.572 0.094
58758.0009 10.308 0.074
58758.0026 10.444 0.072
58758.1607 10.771 0.067
58758.1624 10.707 0.067
58758.4961 10.714 0.095
58758.4978 10.671 0.094
58759.1455 10.742 0.066
58759.1472 10.803 0.066
58759.7448 10.733 0.075
58759.7465 10.816 0.076
58760.7853 11.109 0.091
58760.7869 11.131 0.091
58760.8317 11.067 0.077
58760.8334 11.078 0.077
58761.5146 10.43 0.125
58761.5163 10.646 0.199
58761.795 11.192 0.092
58761.7967 11.191 0.092
58762.3937 10.774 0.095
58762.3954 10.795 0.096
58765.8025 11.069 0.078
58765.8042 10.9 0.076
58766.1459 11.218 0.072
58766.1476 11.223 0.072
58766.190706 10.994959468557415 0.12383662645861979
58766.4376 11.342 0.103
58766.4393 11.155 0.1
58766.7366 11.203 0.079
58766.7383 11.201 0.079
58766.7621 11.279 0.093
58766.7638 11.148 0.092
58766.9986 11.12 0.074
58767.0003 11.121 0.079
58767.8502 11.407 0.095
58767.8519 11.396 0.096
58767.8787 11.408 0.086
58767.8804 11.336 0.084
58768.0798 11.311 0.077
58768.0815 11.34 0.077
58768.7631 11.426 0.083
58768.7648 11.443 0.083
58769.0821 10.895 0.088
58769.0837 11.101 0.073
58769.1921181 11.271780028127154 0.12678208041675026
58769.415 11.41 0.101
58769.4167 11.284 0.1
58769.8082 11.085 0.092
58769.8099 10.865 0.089
58770.4568 11.522 0.101
58770.4585 11.512 0.101
58770.8388 11.458 0.095
58770.8405 11.348 0.094
58771.452 11.5 0.101
58771.4537 11.51 0.101
58771.4983 11.46 0.101
58771.5 11.448 0.101
58772.1227 11.308 0.05
58772.1244 11.254 0.052
58772.7585 11.625 0.097
58772.7602 11.619 0.097
58773.0923 11.451 0.076
58773.094 11.457 0.076
58773.1851852 11.601767057092205 0.13029657430655567
58773.3995 11.586 0.101
58773.4012 11.646 0.102
58774.3898 11.682 0.102
58774.3915 11.669 0.102
58774.8553 11.459 0.082
58774.857 11.447 0.082
58775.0151 11.319 0.074
58775.0168 11.343 0.075
58775.7419 11.843 0.086
58775.7435 11.844 0.086
58776.4569 11.57 0.101
58776.4586 11.644 0.102
58777.1203125 11.863724974413122 0.13308902950709758
58777.3851 11.86 0.104
58777.3868 11.829 0.104
58777.499 11.786 0.103
58777.5007 11.741 0.103
58777.7483 11.311 0.081
58777.75 11.032 0.077
58778.4305 11.923 0.105
58778.4322 11.928 0.105
58778.7563 11.866 0.116
58779.4501 11.986 0.106
58779.4518 12.037 0.107
58779.8108 11.747 0.1
58779.8125 11.856 0.102
58780.1226 12.054 0.092
58780.1243 11.989 0.09
58780.4003 12.03 0.107
58780.4019 11.978 0.106
58781.1096 11.863 0.042
58781.1113 11.813 0.042
58781.1248843 12.830374071234012 0.14341181889686827
58781.8226 12.049 0.09
58781.8243 12.186 0.092
58782.1005 12.156 0.042
58782.1022 12.118 0.042
58782.8157 12.346 0.096
58782.8174 12.361 0.095
58783.481 12.193 0.109
58783.4827 12.189 0.109
58783.5039 12.135 0.109
58783.5056 12.111 0.108
58785.1833912 12.64638183339972 0.14144480919912883
58787.4574 12.234 0.109
58787.4591 12.303 0.11
58787.8448 12.462 0.096
58787.8465 12.408 0.095
58788.1466 12.442 0.189
58788.1483 12.17 0.176
58788.4906 12.292 0.111
58788.4924 12.283 0.111
58788.7867 12.452 0.111
58788.7884 12.44 0.11
58789.112963 13.027721316774407 0.14552272180448111
58789.1419 12.146 0.175
58789.4684 12.619 0.114
58789.4701 12.62 0.114
58792.8062 12.847 0.119
58792.8079 12.836 0.119
58793.0228 12.527 0.097
58793.0245 12.529 0.097
58793.4761 12.737 0.116
58793.4777 12.742 0.116
58794.0841 12.526 0.045
58794.0858 12.493 0.045
58794.4003 12.816 0.116
58794.402 12.822 0.116
58794.8182 12.723 0.117
58794.8199 12.672 0.116
58795.0172 12.676 0.1
58795.0189 12.633 0.099
58795.7852 12.913 0.15
58796.4319 12.499 0.113
58796.4337 12.617 0.114
58796.8079 12.894 0.103
58796.8096 12.799 0.102
58797.0704 12.899 0.11
58797.0721 12.97 0.111
58797.129838 12.831516490908557 0.14342403335624448
58797.4545 12.745 0.116
58797.4562 12.729 0.116
58798.0079 12.683 0.045
58798.0096 12.761 0.045
58799.7665 12.962 0.104
58799.7682 12.988 0.105
58799.7898 12.911 0.104
58799.7915 12.92 0.104
58802.092581 13.191521200199684 0.14727562473853228
58805.0868634 13.848914980264748 0.15431835749442174
58812.1066435 13.35890413945935 0.14906766355121842
