58612.5767430        1.199E-15   2.810E-17   
58623.5812940        1.201E-15   2.364E-17   
58633.5787421        1.166E-15   2.770E-17   
58642.5732931        1.218E-15   2.220E-17   
58648.5791223        1.145E-15   2.219E-17   
58652.5771205        1.195E-15   2.177E-17   
58679.4210082        1.193E-15   2.272E-17   
58721.2778022        1.261E-15   2.349E-17   
58728.3011373        1.101E-15   2.761E-17   
58736.3046101        1.351E-15   2.951E-17   
58745.2963072        1.423E-15   2.402E-17   
58752.2089690        1.395E-15   3.907E-17   
58757.1989655        1.267E-15   2.319E-17   
58777.2290434        1.280E-15   3.205E-17   
58787.2219117        1.278E-15   2.735E-17   
58791.2224339        1.244E-15   2.583E-17   
58801.1997211        1.106E-15   2.938E-17   
