52650.4319192	15.51	0.022	
52650.4459273	15.488	0.022	
52650.4599053	15.526	0.022	
52650.4739861	15.513	0.02	
52650.4879283	15.502	0.02	
52665.3948318	15.521	0.024	
52665.4091899	15.504	0.024	
52665.4234776	15.506	0.022	
52665.438043	15.527	0.022	
52665.452371	15.524	0.024	
52677.3910814	15.458	0.031	
52677.4056316	15.519	0.024	
52677.4199182	15.481	0.024	
52677.4343388	15.454	0.028	
52677.4486414	15.479	0.022	
52680.4428977	18.179	0.271	
52680.4886313	18.044	0.238	
52680.4915437	15.574	0.023	
52680.5062624	15.535	0.025	
52680.5209768	15.517	0.021	
52680.5356684	15.554	0.028	
52681.4214933	15.584	0.025	
52697.4141086	15.561	0.078	
52697.445119	15.521	0.061	
52706.3680799	15.502	0.02	
52706.3809783	15.534	0.02	
52706.3939376	15.495	0.018	
52706.4071474	15.498	0.02	
52706.4202855	15.492	0.02	
52712.3161354	15.487	0.035	
52712.3291166	15.462	0.055	
52712.3420037	15.515	0.031	
52712.3549424	15.501	0.031	
52712.3681002	15.522	0.03	
52724.3592512	15.514	0.02	
52724.3708663	15.517	0.018	
52724.3824143	15.552	0.02	
52724.3939614	15.495	0.02	
52724.4055541	15.518	0.02	
52753.2577718	15.568	0.024	
52753.2704383	15.53	0.024	
52753.2869742	15.54	0.022	
52753.2992626	15.562	0.024	
52753.3122294	15.553	0.024	
52770.2141897	15.571	0.043	
52770.2259415	15.528	0.04	
52770.2375608	15.571	0.041	
52770.2490124	15.539	0.04	
52770.260864	15.55	0.041	
52797.2182404	15.554	0.033	
52797.2282216	15.565	0.037	
52797.2382181	15.583	0.041	
52797.2481848	15.551	0.039	
52797.2581591	15.597	0.041	
52811.1785636	15.456	0.03	
52811.1885149	15.476	0.03	
52811.1984145	15.503	0.03	
52811.2083116	15.469	0.028	
52811.2181399	15.46	0.028	
52825.1940959	15.517	0.046	
52825.2042768	15.475	0.038	
52825.2144287	15.508	0.043	
52842.1708744	15.451	0.041	
52992.4713419	15.376	0.018	
52992.4848646	15.35	0.017	
52992.4984463	15.45	0.018	
52992.5117391	15.454	0.02	
52992.5250021	15.443	0.02	
53034.4045654	15.406	0.02	
53034.4170463	15.379	0.02	
53034.4294468	15.37	0.02	
53034.4418653	15.4	0.02	
53034.454127	15.4	0.02	
53051.3896887	15.423	0.017	
53051.4012911	15.423	0.015	
53051.4130485	15.42	0.015	
53051.4246524	15.433	0.017	
53051.4362919	15.422	0.015	
53065.3462428	15.456	0.02	
53065.3592705	15.432	0.018	
53065.3735691	15.458	0.02	
53065.3893863	15.474	0.018	
53065.4074439	15.455	0.016	
53078.4145459	15.342	0.03	
53094.2781306	15.387	0.016	
53094.298628	15.404	0.016	
53094.3084998	15.423	0.016	
53094.3183986	15.425	0.016	
53096.3234174	15.457	0.043	
53096.3336454	15.394	0.039	
53096.3438711	15.441	0.041	
53096.3542915	15.461	0.039	
53096.3650505	15.439	0.037	
53109.3001436	15.443	0.021	
53109.3102827	15.445	0.023	
53109.3204738	15.447	0.023	
53109.3306047	15.439	0.023	
53109.3407065	15.446	0.023	
53122.2467351	15.402	0.018	
53122.2571268	15.438	0.02	
53122.267348	15.412	0.018	
53122.277641	15.419	0.018	
53122.2879287	15.424	0.018	
53137.2530592	15.456	0.023	
53137.2631329	15.446	0.023	
53137.2828639	15.433	0.025	
53137.2925734	15.426	0.025	
53153.2098382	15.398	0.023	
53153.2199854	15.4	0.023	
53153.2294694	15.375	0.023	
53153.2384655	15.363	0.023	
53153.2469651	15.39	0.023	
53165.2572625	15.458	0.028	
53165.2670692	15.398	0.028	
53165.2771607	15.417	0.028	
53178.1790852	15.464	0.02	
53178.1890166	15.452	0.018	
53178.1986099	15.449	0.02	
53178.2079841	15.484	0.02	
53178.2174517	15.479	0.021	
53449.2849862	15.511	0.035	
53449.2954574	15.493	0.031	
53449.3064141	15.532	0.03	
53449.3169097	15.5	0.026	
53500.2469838	15.574	0.024	
53500.2579779	15.571	0.024	
53500.2686446	15.549	0.024	
53500.2803987	15.567	0.024	
53500.2906478	15.554	0.024	
53528.223168	15.508	0.03	
53528.2344254	15.543	0.03	
53528.2454945	15.585	0.031	
53528.2563312	15.55	0.03	
53528.2667109	15.512	0.03	
53540.1885012	15.494	0.074	
53540.1983013	15.489	0.074	
53540.2080101	15.547	0.072	
53540.2176858	15.546	0.074	
53551.1778139	15.505	0.026	
53551.1878313	15.487	0.026	
53551.1979817	15.527	0.026	
53551.2079218	15.563	0.026	
53551.2178267	15.565	0.028	
53740.4719196	15.513	0.022	
53740.4848104	15.512	0.02	
53740.4977655	15.524	0.022	
53740.5106427	15.496	0.02	
53740.5235752	15.497	0.02	
53770.4211058	15.475	0.02	
53770.4352589	15.485	0.022	
53770.4524669	15.472	0.02	
53770.4656749	15.494	0.02	
53770.4798112	15.484	0.02	
53787.4261439	15.513	0.021	
53813.3646699	15.496	0.039	
53813.3756721	15.517	0.041	
53813.3866747	15.507	0.039	
53813.3977004	15.482	0.039	
53813.408736	15.483	0.039	
53823.256505	15.471	0.02	
53823.2674895	15.502	0.02	
53823.278261	15.488	0.02	
53823.3002403	15.475	0.02	
53844.282129	15.496	0.026	
53844.2924015	15.479	0.026	
53844.3026739	15.479	0.028	
53844.3131624	15.479	0.03	
53844.3236136	15.498	0.031	
53853.2475562	15.426	0.03	
53853.2579526	15.445	0.03	
53853.2682591	15.462	0.03	
53853.2785732	15.451	0.028	
53853.2890268	15.552	0.031	
53883.2170204	15.94	0.059	
53883.2273269	16.046	0.068	
53883.2582224	16.042	0.066	
53887.2273489	15.501	0.037	
53887.237999	15.535	0.037	
53887.2486623	15.573	0.037	
53887.2593747	15.525	0.035	
53887.2700866	15.502	0.035	
53915.1771899	15.524	0.038	
53915.1870493	15.666	0.043	
53915.1984313	15.578	0.04	
53931.1841011	15.597	0.043	
53931.2145146	15.664	0.049	
54084.4634737	15.676	0.058	
54084.4763905	15.598	0.046	
54084.4892506	15.647	0.046	
54084.5021801	15.596	0.045	
54084.5151522	15.568	0.041	
54098.4287383	15.584	0.03	
54098.4408486	15.551	0.024	
54098.4560285	15.5	0.024	
54098.469395	15.551	0.024	
54098.4816063	15.521	0.022	
54121.394116	15.494	0.02	
54121.4063219	15.53	0.02	
54121.4185155	15.539	0.022	
54121.4307092	15.5	0.02	
54121.4428967	15.508	0.02	
54155.3583028	15.566	0.025	
54155.369838	15.542	0.025	
54155.3817697	15.552	0.025	
54155.3936843	15.569	0.025	
54155.4059261	15.574	0.026	
54529.2712841	15.478	0.028	
54529.2830474	15.498	0.028	
54529.2945094	15.504	0.028	
54529.3058227	15.493	0.028	
54529.3169282	15.517	0.028	
54574.2982949	15.582	0.05	
54574.3089626	15.593	0.05	
54574.3196513	15.603	0.05	
54574.3303337	15.623	0.05	
54582.2497914	15.547	0.022	
54582.2602126	15.556	0.022	
54582.2705398	15.555	0.022	
54582.2808869	15.541	0.022	
54582.2912747	15.563	0.022	
54594.2498031	15.544	0.022	
54594.2600847	15.549	0.022	
54594.2703811	15.562	0.022	
54594.2806882	15.549	0.022	
54594.290958	15.557	0.022	
54594.3014771	15.583	0.022	
54594.3114678	15.588	0.026	
54594.3214594	15.574	0.024	
54594.3314508	15.566	0.028	
54594.3415347	15.568	0.028	
54613.2078669	15.543	0.02	
54613.217706	15.505	0.02	
54613.2277249	15.5	0.02	
54613.2377765	15.498	0.024	
54613.2477977	15.486	0.026	
