52614.4376008	16.557	0.109	
52614.4522225	16.384	0.119	
52614.4666246	16.554	0.114	
52614.4812552	16.488	0.094	
52614.4956904	16.424	0.059	
52639.4707938	16.445	0.051	
52639.500527	16.422	0.051	
52639.5166189	16.453	0.053	
52646.4045657	16.438	0.059	
52646.4203182	16.448	0.059	
52646.4352929	16.524	0.063	
52646.4504073	16.452	0.056	
52646.4653968	16.47	0.059	
52649.4634894	16.467	0.052	
52649.4810378	16.479	0.052	
52649.4956602	16.484	0.052	
52649.5099413	16.489	0.055	
52649.5243168	16.464	0.054	
52666.3868246	16.493	0.052	
52666.402097	16.46	0.048	
52666.4172125	16.423	0.048	
52666.4324879	16.468	0.046	
52666.4475891	16.46	0.046	
52672.3922804	16.53	0.056	
52672.4071069	16.503	0.061	
52672.4305629	16.534	0.073	
52672.4509466	16.411	0.106	
52676.2904102	16.518	0.059	
52676.3058316	16.544	0.059	
52676.3213738	16.496	0.057	
52676.3369541	16.4	0.057	
52676.3526825	16.463	0.055	
52701.3076973	16.752	0.149	
52701.3078124	16.438	0.092	
52701.3209608	16.398	0.132	
52701.3210763	16.503	0.149	
52701.3470852	16.564	0.056	
52701.3472	16.437	0.051	
52701.360314	16.526	0.051	
52701.360429	16.478	0.051	
52706.3030263	16.466	0.046	
52706.3163857	16.507	0.05	
52706.3296896	16.489	0.046	
52706.3429183	16.492	0.048	
52706.3563678	16.55	0.05	
52708.3023126	16.444	0.044	
52708.3156669	16.463	0.046	
52708.3289731	16.467	0.046	
52708.3422041	16.47	0.046	
52708.3554351	16.476	0.046	
52709.3056343	16.419	0.052	
52709.3188674	16.517	0.055	
52709.3325985	16.527	0.055	
52709.3462273	16.512	0.055	
52709.3595779	16.492	0.05	
52724.2458434	16.566	0.056	
52724.2578925	16.498	0.053	
52724.2699382	16.535	0.054	
52724.2831407	16.507	0.053	
52724.2952767	16.47	0.053	
52729.2356793	16.511	0.049	
52729.2477816	16.533	0.051	
52729.2608027	16.634	0.054	
52729.2736805	16.573	0.053	
52729.2893395	16.536	0.053	
52732.2463096	16.474	0.064	
52732.258443	16.586	0.059	
52732.2706897	16.541	0.063	
52732.2829057	16.52	0.063	
52732.2948634	16.473	0.059	
52733.2451033	16.506	0.053	
52733.2572386	16.557	0.059	
52733.2693954	16.514	0.054	
52733.2814835	16.514	0.054	
52733.293584	16.63	0.092	
52753.200354	16.556	0.064	
52753.2005932	16.523	0.059	
52753.213626	16.568	0.064	
52753.2262085	16.499	0.059	
52753.2390676	16.507	0.066	
52753.2393072	16.473	0.061	
52753.2517284	16.512	0.068	
52753.251968	16.486	0.061	
52761.2016613	16.405	0.071	
52761.2018948	16.449	0.069	
52761.2137097	16.381	0.111	
52761.213943	16.525	0.125	
52761.2257467	16.484	0.079	
52761.2259807	16.423	0.071	
52761.2377692	16.53	0.079	
52761.2380029	16.461	0.073	
52761.2500888	16.532	0.066	
52761.2503227	16.433	0.058	
52768.20613	16.601	0.113	
52768.2179468	16.639	0.118	
52768.2298721	16.818	0.139	
52768.2419161	16.78	0.128	
52768.2536486	16.639	0.12	
52792.1875772	16.494	0.086	
52792.1986446	16.491	0.089	
52792.2095609	16.54	0.099	
52793.2231995	16.494	0.086	
52793.2335872	16.491	0.089	
52793.2440666	16.54	0.099	
52962.4554799	16.487	0.059	
52962.4685702	16.447	0.055	
52962.480772	16.511	0.057	
52962.4934934	16.497	0.055	
52962.5063409	16.464	0.052	
52974.4590724	16.537	0.059	
52974.4711987	16.474	0.053	
52974.4830838	16.505	0.054	
52974.4940714	16.52	0.054	
52974.5071108	16.525	0.053	
52992.4763411	16.529	0.041	
52992.489143	16.508	0.045	
52992.5022664	16.551	0.043	
52992.5161317	16.556	0.071	
52992.5293291	16.581	0.049	
53001.4209701	16.505	0.033	
53001.4432449	16.501	0.035	
53001.4592154	16.525	0.035	
53001.476689	16.494	0.031	
53001.4955644	16.524	0.033	
53003.377592	16.527	0.037	
53003.3897489	16.555	0.037	
53003.4018241	16.537	0.043	
53003.4138788	16.533	0.081	
53003.4260504	16.637	0.124	
53034.3382563	16.478	0.059	
53034.3500971	16.428	0.054	
53034.3620241	16.513	0.058	
53034.3740244	16.406	0.049	
53034.3859963	16.48	0.054	
53051.330061	16.538	0.043	
53051.3422577	16.54	0.044	
53051.3538908	16.546	0.046	
53051.3656227	16.566	0.046	
53051.3772171	16.479	0.044	
53062.3369769	16.348	0.141	
53062.3500281	16.566	0.078	
53062.3622225	16.489	0.157	
53062.3744916	16.537	0.063	
53062.3859256	16.613	0.05	
53078.3168858	16.66	0.061	
53078.3279056	16.619	0.063	
53078.3388323	16.568	0.059	
53078.3497446	16.621	0.064	
53087.2885323	16.621	0.04	
53087.3017735	16.613	0.04	
53087.3132287	16.549	0.036	
53087.3242754	16.553	0.038	
53087.336304	16.561	0.04	
53089.284399	16.623	0.041	
53089.2954939	16.577	0.04	
53089.3066522	16.566	0.054	
53089.3177651	16.557	0.094	
53109.2343451	16.589	0.064	
53109.2487981	16.585	0.063	
53109.2606981	16.608	0.064	
53109.2713901	16.558	0.063	
53109.2902002	16.575	0.063	
53118.2523819	16.598	0.04	
53137.2031018	16.617	0.074	
53137.2127714	16.546	0.069	
53137.2231052	16.58	0.071	
53137.2330261	16.745	0.083	
53137.2425987	16.664	0.078	
53165.169721	16.596	0.14	
53165.1797189	16.645	0.104	
53165.189629	16.706	0.114	
53165.2155701	16.545	0.104	
53165.2254063	16.665	0.104	
53348.4234912	16.523	0.069	
53348.4377432	16.49	0.068	
53348.4519763	16.556	0.074	
53348.4662589	16.535	0.081	
53348.4804864	16.581	0.092	
53404.3780358	17.343	0.056	
53404.3914371	17.463	0.066	
53404.4043992	17.863	0.102	
53501.1952086	16.548	0.067	
53501.2069524	16.556	0.067	
53501.2173452	16.556	0.068	
53501.227338	16.577	0.068	
53501.2376673	16.533	0.068	
53529.1601571	16.557	0.081	
53529.1705889	16.592	0.085	
53529.1809035	16.637	0.091	
53529.1911845	16.665	0.091	
53529.2017721	16.567	0.089	
53540.1895089	16.849	0.253	
53713.466116	16.555	0.115	
53739.428035	16.566	0.105	
53739.440991	16.512	0.085	
53739.4542008	16.589	0.07	
53739.4678966	16.606	0.055	
53770.3487276	16.602	0.054	
53770.3633638	16.579	0.055	
53770.3768103	16.591	0.054	
53770.3898033	16.588	0.057	
53770.4027232	16.583	0.055	
53788.300519	16.604	0.063	
53788.3132236	16.622	0.053	
53788.3259024	16.661	0.059	
53788.3385571	16.602	0.048	
53788.3514211	16.589	0.048	
53813.3153858	16.613	0.081	
53813.3268374	16.653	0.084	
53813.3382905	16.626	0.083	
53813.3497287	16.585	0.083	
53813.3615725	16.69	0.092	
53844.2388569	16.547	0.058	
53844.2499763	16.586	0.061	
53844.2609149	16.556	0.061	
53844.2718635	16.566	0.063	
53844.2828459	16.619	0.066	
53852.1971713	16.545	0.078	
53852.207448	16.549	0.078	
53852.2176448	16.622	0.084	
53852.2278117	16.706	0.092	
53852.2379932	16.579	0.083	
53881.1652847	16.585	0.08	
53881.1764498	16.556	0.076	
53881.1875198	16.657	0.083	
53881.1986914	16.587	0.08	
53881.2098434	16.652	0.094	
53887.1775405	16.789	0.162	
53902.1687947	16.74	0.141	
53902.1887092	16.886	0.141	
54057.4505465	16.622	0.096	
54057.4643161	16.716	0.099	
54057.4779496	16.574	0.084	
54057.4910871	16.597	0.084	
54057.5044243	16.825	0.102	
54068.4549107	16.619	0.061	
54068.4678192	16.635	0.061	
54068.5065292	16.611	0.055	
54083.4684032	16.654	0.14	
54154.2835236	16.669	0.069	
54154.2953376	16.678	0.068	
54154.3068823	16.755	0.069	
54154.3184481	16.637	0.061	
54154.3299454	16.667	0.063	
54169.2751467	16.634	0.058	
54169.2860555	16.723	0.071	
54169.2970791	16.645	0.068	
54169.3079938	16.671	0.079	
54169.3188318	16.844	0.092	
54205.2236461	16.635	0.074	
54205.2329045	16.713	0.078	
54205.242126	16.61	0.069	
54205.2516532	16.637	0.074	
54205.2610832	16.655	0.074	
54452.4524074	16.64	0.043	
54452.4655777	16.665	0.043	
54452.4787149	16.603	0.041	
54452.49187	16.643	0.041	
54452.5050232	16.688	0.043	
54476.398356	16.645	0.037	
54476.4112229	16.627	0.035	
54476.4240902	16.616	0.037	
54476.4370858	16.667	0.039	
54476.4503303	16.613	0.037	
54484.301886	16.679	0.096	
54484.3147891	16.566	0.083	
54484.3278505	16.592	0.078	
54533.2799178	16.61	0.033	
54533.2912736	16.633	0.035	
54533.3024262	16.59	0.033	
54533.3139295	16.616	0.033	
54533.3251064	16.597	0.033	
54539.2141739	16.683	0.048	
54539.2249894	16.631	0.044	
54539.2358721	16.612	0.043	
54539.2468115	16.597	0.043	
54539.2577157	16.609	0.043	
54567.2334559	16.56	0.048	
54567.2446487	16.591	0.048	
54567.2558442	16.561	0.048	
54567.267153	16.582	0.052	
54567.2783495	16.624	0.057	
54587.2025127	16.581	0.054	
54587.2131009	16.581	0.054	
54587.2236897	16.594	0.054	
54587.2341928	16.581	0.054	
54587.244627	16.588	0.055	
54595.1977934	16.623	0.063	
54595.207775	16.533	0.057	
54595.2177821	16.61	0.067	
54595.2278619	16.653	0.065	
54595.2378151	16.597	0.061	
54612.1663091	16.548	0.084	
54612.1748946	16.471	0.073	
54612.1835489	16.508	0.084	
54612.1922642	16.58	0.081	
54612.2008517	16.516	0.081	
54619.1619451	16.657	0.067	
54619.1722474	16.567	0.063	
54619.1824498	16.613	0.057	
54619.1927037	16.577	0.057	
54619.2028899	16.555	0.057	
