52697.4571633	16.782	0.083	
52697.4731189	16.752	0.072	
52697.4873575	16.777	0.074	
52706.4292288	16.837	0.076	
52706.4418537	16.701	0.067	
52706.4545724	16.751	0.067	
52706.4675468	16.699	0.065	
52706.4804972	16.78	0.068	
52712.3858562	16.862	0.114	
52712.3994033	16.875	0.111	
52712.4000052	16.519	0.125	
52712.4126137	16.797	0.099	
52712.4256749	16.743	0.094	
52712.4262764	16.575	0.119	
52712.4387331	16.826	0.096	
52712.4393354	16.572	0.117	
52724.4257748	16.865	0.091	
52724.4377688	16.778	0.084	
52724.4502334	16.787	0.086	
52724.4622927	16.687	0.083	
52724.474349	16.815	0.094	
52753.3243429	16.851	0.094	
52753.3377062	16.782	0.086	
52753.3509549	16.824	0.086	
52753.3639265	16.866	0.091	
52753.3763212	16.812	0.084	
52771.2740693	16.795	0.118	
52771.2859611	16.747	0.109	
52771.297618	16.702	0.102	
52771.3092659	16.758	0.107	
52771.3210305	16.715	0.102	
52820.2246365	16.643	0.076	
52820.2345736	16.738	0.081	
52820.2445221	16.722	0.078	
52820.2544726	16.639	0.074	
52820.264375	16.592	0.074	
52826.2220427	16.689	0.069	
52826.2321773	16.839	0.071	
52826.2423643	16.652	0.061	
52826.2524578	16.62	0.058	
52826.2624898	16.756	0.064	
52848.1653234	16.676	0.091	
52848.1756725	16.562	0.072	
52848.1859041	16.633	0.087	
52848.1961409	16.647	0.085	
53034.4552646	16.471	0.076	
53034.4671673	16.481	0.071	
53034.4789819	16.474	0.071	
53034.4910126	16.507	0.068	
53034.5028611	16.41	0.064	
53051.4461064	16.498	0.048	
53051.4577395	16.511	0.05	
53051.4693707	16.565	0.055	
53051.480975	16.617	0.057	
53051.4926562	16.573	0.054	
53078.4560059	16.504	0.096	
53078.4669959	16.66	0.084	
53109.3081209	16.57	0.064	
53109.3184467	16.518	0.063	
53109.3285839	16.561	0.064	
53109.3386319	16.551	0.064	
53109.348675	16.575	0.064	
53137.3004544	16.618	0.064	
53137.3100389	16.495	0.059	
53137.3202665	16.607	0.061	
53137.3297329	16.604	0.061	
53137.3393828	16.473	0.054	
53165.242155	16.524	0.096	
53165.2519841	16.676	0.081	
53165.2644855	16.61	0.084	
53165.2742951	16.601	0.074	
53165.2843819	16.598	0.076	
53242.1361761	16.607	0.089	
53242.1459802	16.638	0.094	
53242.1557877	16.576	0.093	
53242.1655924	16.743	0.111	
53242.1754035	16.659	0.105	
53441.4540284	16.471	0.055	
53441.4672825	16.455	0.055	
53441.4794372	16.481	0.057	
53441.4918412	16.445	0.054	
53445.4621662	16.447	0.044	
53445.4631023	16.429	0.044	
53445.4736042	16.483	0.046	
53445.4745909	16.444	0.044	
53445.4857028	16.466	0.046	
53445.4869163	16.41	0.044	
53445.4975052	16.473	0.046	
53445.4984669	16.433	0.044	
53446.438019	16.499	0.046	
53446.4485817	16.464	0.043	
53446.4594839	16.491	0.044	
53446.470055	16.467	0.043	
53446.4806178	16.492	0.044	
53501.3068539	16.422	0.054	
53501.3166767	16.4	0.057	
53501.3207791	16.469	0.055	
53501.3327473	16.459	0.063	
53501.3375698	16.416	0.054	
53501.3455414	16.356	0.057	
53501.3495761	16.46	0.055	
53501.35631	16.406	0.059	
53501.3604214	16.477	0.057	
53501.3671621	16.454	0.061	
53529.2205107	16.444	0.068	
53529.2318541	16.407	0.067	
53529.2432756	16.414	0.068	
53529.2541548	16.408	0.068	
53529.2651619	16.435	0.068	
53552.2270646	16.407	0.068	
53552.2370065	16.373	0.068	
53552.2469465	16.411	0.074	
53552.2569578	16.312	0.065	
53552.2669017	16.359	0.067	
53581.1970027	16.383	0.096	
53581.2085482	16.469	0.059	
53581.2201115	16.401	0.055	
53581.231639	16.504	0.063	
53581.2432061	16.479	0.065	
53770.4965375	16.44	0.055	
53770.5096011	16.415	0.054	
53770.522579	16.467	0.059	
53788.4254976	16.519	0.064	
53788.438018	16.473	0.061	
53788.4506243	16.52	0.089	
53788.4632703	16.571	0.066	
53788.4757692	16.536	0.064	
53813.4302686	16.502	0.096	
53813.4417086	16.449	0.091	
53813.4531771	16.645	0.107	
53813.4646225	16.499	0.092	
53813.4762525	16.574	0.101	
53844.3021682	16.498	0.073	
53844.3131319	16.524	0.081	
53844.324038	16.534	0.084	
53844.3349536	16.678	0.102	
53844.3460588	16.49	0.089	
53852.2993888	16.665	0.091	
53852.3099797	16.531	0.079	
53852.3207182	16.643	0.089	
53852.3317613	16.612	0.083	
53852.3424225	16.574	0.081	
53881.2733905	16.448	0.076	
53881.2844235	16.483	0.08	
53881.2954752	16.527	0.087	
53881.3065467	16.578	0.091	
53881.3176361	16.534	0.08	
53887.2670576	16.581	0.087	
53887.2773764	16.568	0.081	
53887.2876813	16.522	0.078	
53887.2980813	16.558	0.084	
53887.3084352	16.602	0.086	
53902.2256574	16.562	0.094	
53902.2354637	16.547	0.091	
53902.2453298	16.56	0.091	
53902.2555167	16.549	0.093	
53902.2654405	16.53	0.091	
53914.2237834	16.664	0.196	
53931.2180359	16.589	0.133	
53931.2284474	16.594	0.142	
53931.2388425	16.619	0.146	
53940.169316	16.622	0.109	
53940.1907456	16.701	0.14	
53940.201318	16.895	0.155	
53940.215328	16.704	0.125	
53979.1416565	16.625	0.107	
53979.163848	16.277	0.091	
53979.1747878	16.499	0.117	
54154.3978526	16.604	0.081	
54154.4093358	16.726	0.081	
54154.4208101	16.579	0.073	
54154.432364	16.57	0.069	
54154.4439727	16.624	0.073	
54169.3838334	16.66	0.124	
54169.3947739	16.651	0.117	
54169.405743	16.599	0.112	
54169.4166772	16.7	0.117	
54169.4275873	16.646	0.142	
54205.319524	16.686	0.083	
54205.3291326	16.526	0.071	
54205.3389277	16.539	0.068	
54205.3481726	16.591	0.069	
54205.3577444	16.7	0.076	
54560.3091548	16.591	0.043	
54560.3205579	16.587	0.043	
54560.3320772	16.609	0.044	
54560.3434678	16.556	0.041	
54560.3548475	16.562	0.041	
54581.2889679	16.748	0.155	
54581.2987338	16.6	0.134	
54581.3085042	16.7	0.142	
54581.3181779	16.784	0.153	
54581.3278929	16.722	0.155	
54594.3178889	16.725	0.137	
54594.3274255	16.499	0.111	
54594.3368831	16.671	0.129	
54594.3465096	16.764	0.137	
54594.3568169	16.665	0.125	
54612.2529085	16.489	0.097	
54612.2614682	16.492	0.092	
54612.2706886	16.681	0.109	
54612.2793544	16.553	0.101	
54612.2879843	16.713	0.109	
