1
415
52608.07390   16.82382    0.15900
52608.13337   17.06723    0.42200
52613.13515   16.80210    0.08300
52613.15047   16.77241    0.08000
52613.16552   16.84109    0.08300
52613.18072   16.87254    0.09400
52613.19577   16.70329    0.08700
52618.07359   16.77248    0.09300
52618.08906   16.77917    0.09300
52618.10434   16.55590    0.10500
52618.11957   16.76932    0.08500
52618.13484   16.83052    0.08900
52641.07684   16.87655    0.13100
52641.09240   16.79640    0.12000
52641.10785   16.75119    0.08300
52641.12337   16.91376    0.10900
52641.13886   16.70041    0.12600
52643.07525   16.75350    0.08900
52643.09108   16.72547    0.08000
52643.10679   16.87130    0.08500
52643.13758   16.91158    0.08900
52852.34590   17.05542    0.13000
52852.35630   17.30024    0.17400
52852.36666   16.86460    0.10500
52852.37706   16.65835    0.09800
52855.34112   16.78321    0.10500
52855.35154   16.85966    0.11300
52855.36214   16.78009    0.10200
52855.37255   16.91008    0.10200
52855.38305   16.83833    0.09100
52873.31238   16.72435    0.11500
52873.32493   16.73479    0.10700
52873.33757   16.73854    0.11700
52873.35004   16.50059    0.10700
52873.36272   17.08283    0.09400
52876.33084   16.83871    0.09600
52876.35638   16.77363    0.10200
52876.36937   16.82151    0.09400
52876.38190   16.85117    0.09100
52880.37544   16.77151    0.13700
52884.31685   17.01453    0.11500
52884.34006   16.78115    0.11300
52884.35170   16.77470    0.10500
52901.29914   16.88697    0.10000
52901.31138   16.73557    0.10000
52901.32359   16.88016    0.09400
52901.33572   16.89511    0.08900
52901.34797   16.81282    0.09100
52908.23102   16.86950    0.10500
52908.24353   16.83308    0.09400
52908.25618   16.90392    0.09400
52908.26883   16.68415    0.08900
52908.28141   16.79776    0.08900
52911.23070   16.57934    0.08900
52911.25637   16.90408    0.09600
52911.26894   16.72730    0.09100
52911.28144   16.81999    0.08700
52930.27975   16.55712    0.09400
52930.30466   16.87285    0.09700
52930.31665   16.92814    0.08500
52930.32870   16.54276    0.11500
52932.25745   16.76077    0.09400
52932.26954   16.79411    0.09800
52932.28130   16.72476    0.08500
52932.29290   16.92191    0.08900
52932.30468   16.84421    0.08900
52964.13660   16.71741    0.06800
52964.14919   16.76967    0.06800
52964.18767   16.67351    0.07000
52966.12981   16.82626    0.07800
52966.14221   16.84459    0.08100
52987.13025   16.70511    0.07600
52987.14311   16.71896    0.07600
52987.15603   16.90895    0.09300
52987.16905   17.09417    0.24800
52987.18194   17.04706    0.22900
52994.07444   16.84127    0.05900
52994.08852   16.85136    0.05500
52994.10198   16.88935    0.05700
52994.11542   16.84383    0.05400
52994.12887   16.82687    0.05500
52997.07293   16.87092    0.14400
52997.08591   16.89670    0.13100
52997.09891   16.66774    0.13300
52997.11210   16.93248    0.16500
52997.12547   16.86220    0.19200
53195.38355   16.96905    0.17800
53195.39395   16.81939    0.15400
53203.41957   16.85657    0.09200
53227.28810   16.90000    0.06700
53227.29800   16.77064    0.06500
53227.30780   16.67989    0.06500
53227.31777   16.79888    0.06100
53257.23583   16.87993    0.08100
53257.24723   16.78987    0.08700
53257.25862   16.69536    0.07400
53257.27003   16.66665    0.07600
53257.28143   16.80241    0.07600
53265.27315   16.75798    0.07400
53265.28482   16.83971    0.07400
53265.29650   16.69351    0.08000
53265.30818   16.80123    0.07200
53265.31987   16.74992    0.08000
53287.19777   16.59686    0.07600
53287.20848   16.71763    0.07600
53287.24062   16.71638    0.04400
53287.24451   16.72355    0.04100
53287.26639   16.67454    0.07200
53287.27733   16.68962    0.07600
53287.28827   16.59985    0.07000
53292.20905   17.14846    0.19200
53292.21846   16.84965    0.08300
53292.22786   16.62970    0.08500
53315.18815   16.76110    0.08000
53315.20002   16.63674    0.09400
53315.21189   16.63613    0.08300
53315.22391   16.73263    0.09100
53315.23578   16.78912    0.08900
53316.18619   16.69909    0.21500
53316.19817   16.78348    0.06700
53316.21021   16.76581    0.07000
53321.18848   16.70020    0.07600
53321.20037   16.55764    0.07200
53321.21227   16.78252    0.07600
53321.22425   16.55552    0.07000
53321.23614   16.73544    0.07400
53327.12948   16.76214    0.10900
53327.14160   16.57111    0.09600
53327.15371   16.52216    0.10200
53327.16581   16.63216    0.10700
53327.17798   16.70124    0.13300
53346.12633   16.66390    0.07400
53346.14058   16.59921    0.07200
53346.15325   16.63815    0.07200
53346.16539   16.77392    0.07000
53346.17750   16.74883    0.07600
53351.13805   16.80194    0.07600
53351.15290   16.81922    0.08300
53351.16599   16.63383    0.07600
53351.19340   16.69516    0.08300
53353.07232   16.74782    0.10400
53353.08513   16.71756    0.09800
53353.09851   16.61155    0.10000
53353.11132   16.75319    0.10200
53353.12444   16.86699    0.09400
53376.10136   16.74620    0.08700
53376.11544   16.77862    0.07600
53376.12861   16.84468    0.08100
53584.34916   16.91361    0.08300
53584.36087   16.84818    0.08500
53588.33088   16.47669    0.15700
53588.34260   16.63393    0.09800
53588.35437   16.92125    0.10400
53588.37777   16.63691    0.08900
53611.25209   16.68121    0.09100
53611.26315   16.97074    0.09600
53611.27443   16.85771    0.08900
53611.28564   16.84672    0.09400
53611.29668   16.88497    0.08700
53619.31768   16.77789    0.07200
53619.32895   16.72751    0.07600
53619.34008   16.79958    0.07200
53621.33980   16.89311    0.09300
53644.24210   16.75851    0.06300
53648.20207   16.81923    0.07800
53648.21285   16.78938    0.07400
53648.22361   16.90567    0.06800
53648.23439   16.71824    0.07400
53648.24514   16.80415    0.07600
53670.19725   16.60149    0.07000
53670.20902   16.65277    0.07600
53670.24430   16.70796    0.07400
53671.20368   16.63772    0.07800
53674.22383   16.58235    0.06100
53674.23571   16.58146    0.07800
53674.24766   16.71279    0.06300
53674.25956   16.56770    0.06500
53674.27150   16.68821    0.06100
53677.19500   15.85826    0.56400
53677.20692   16.75024    0.06300
53677.21876   16.71194    0.06100
53677.23059   16.65242    0.06300
53705.13000   16.75046    0.05500
53705.14287   16.77154    0.05700
53705.15580   16.86263    0.05400
53705.16862   16.76384    0.05500
53705.18229   16.83586    0.05700
53708.12870   16.76567    0.05400
53708.14174   16.70277    0.05000
53708.15456   16.72063    0.05400
53708.16763   16.73446    0.05900
53708.18067   16.79814    0.05500
53710.12653   16.75397    0.08100
53710.13909   16.76847    0.07200
53710.15172   16.67624    0.07800
53710.16425   16.74969    0.08000
53710.17677   16.77670    0.09100
53732.08035   16.71573    0.07800
53732.09401   16.70581    0.07800
53732.10749   16.71790    0.07600
53732.12119   16.80338    0.08100
53732.13465   16.68819    0.07800
53735.07238   16.71889    0.06300
53735.09854   16.70524    0.08900
53735.11164   16.60756    0.06700
53735.12462   16.50345    0.06800
53746.07812   16.71783    0.10000
53746.09070   16.85772    0.10400
53746.10342   16.85365    0.13300
53746.11630   16.68775    0.11800
53746.12893   16.78123    0.12800
53912.39328   16.95154    0.15500
53912.40340   16.48717    0.15000
53912.41359   16.52208    0.15500
53912.42389   16.40120    0.12600
53912.43421   16.41218    0.31300
53937.33765   16.49345    0.08100
53937.34858   16.64223    0.08000
53937.35952   16.67403    0.07200
53937.37046   16.64372    0.07000
53937.38161   16.59004    0.07200
53954.32535   16.52246    0.12900
53954.33666   16.66538    0.13500
53968.30137   16.53805    0.06800
53968.31200   16.46955    0.06700
53968.32270   16.46381    0.07000
53968.33337   16.55326    0.07000
53968.34412   16.54638    0.06300
53972.31920   16.44650    0.07000
53972.33031   16.41653    0.06700
53972.34167   16.52107    0.06300
53972.35310   16.39073    0.06500
53972.36436   16.48428    0.06700
53976.32212   16.61779    0.08300
53976.34424   16.44116    0.13700
53978.25725   16.52023    0.16500
53978.27944   16.38417    0.12200
53978.29054   16.57489    0.09300
53995.23168   16.41500    0.06700
53995.24317   16.42697    0.06500
53995.25457   16.58080    0.06700
53995.26597   16.54898    0.06300
53995.27760   16.60158    0.06500
53998.22331   16.46601    0.08300
53998.23474   16.50144    0.07800
53998.24613   16.54523    0.06800
53998.25751   16.51776    0.06800
53998.26966   16.45715    0.06300
54001.23046   16.68704    0.14800
54004.33317   16.42195    0.07800
54005.21837   16.51158    0.07800
54005.23052   16.57429    0.08100
54005.24268   16.37315    0.07400
54005.25500   16.47784    0.07000
54005.26716   16.54357    0.08000
54006.22475   16.43910    0.08900
54006.23686   16.74047    0.08700
54006.24897   16.40703    0.09600
54006.26126   16.49182    0.08000
54006.27340   16.48122    0.10400
54009.24939   16.73621    0.08100
54009.26175   16.54967    0.07400
54009.27407   16.48492    0.07600
54031.18779   16.70832    0.07100
54036.23454   16.58652    0.07100
54039.21136   16.56240    0.14900
54039.23476   16.58487    0.12700
54039.24633   16.53786    0.13500
54039.25800   16.15438    0.11900
54057.15092   16.62662    0.06700
54057.17568   16.54329    0.05200
54057.18808   16.56277    0.05900
54057.20048   16.50857    0.05900
54060.13829   16.63877    0.05200
54060.15065   16.58291    0.05400
54060.16319   16.59425    0.05200
54060.17588   16.58556    0.05000
54080.12151   16.58645    0.08400
54083.12996   16.47506    0.10900
54083.14364   16.62973    0.12200
54083.15724   16.59154    0.07600
54083.17035   17.24664    0.67000
54091.06114   16.69468    0.06100
54091.06223   16.61575    0.07400
54091.07419   16.58121    0.05500
54091.08665   16.61998    0.05900
54115.07422   16.62786    0.47800
54115.12584   16.52607    0.20100
54116.08853   16.57262    0.08900
54116.12541   16.54780    0.06800
54297.39284   16.67250    0.06500
54297.40282   16.74264    0.06300
54297.41272   16.74786    0.06100
54297.42267   16.72811    0.06100
54297.43261   16.78920    0.06300
54300.39881   16.75353    0.05200
54300.40898   16.76585    0.04800
54300.41911   16.68390    0.04800
54300.42929   16.68141    0.04800
54321.32764   16.54203    0.05500
54321.33930   16.58735    0.05400
54321.35094   16.56777    0.05000
54321.36254   16.58355    0.04800
54321.37416   16.53676    0.04600
54324.33279   16.60607    0.05000
54324.34471   16.50655    0.04300
54324.35658   16.54847    0.04300
54324.36849   16.55188    0.04400
54324.38044   16.59896    0.03900
54327.32732   16.59204    0.05500
54327.33956   16.52087    0.05400
54327.35165   16.54448    0.05200
54327.36372   16.53789    0.04600
54327.37580   16.58435    0.04600
54349.24529   16.59177    0.20500
54349.25658   16.60069    0.20000
54349.26786   16.05280    0.55500
54349.27915   16.37105    0.26300
54356.23550   16.69801    0.05200
54356.24709   16.68689    0.05400
54356.25868   16.76085    0.05400
54356.27026   16.70366    0.05000
54356.28185   16.65271    0.05000
54359.23986   16.65386    0.06700
54359.27522   16.80827    0.06300
54359.28703   16.68665    0.06300
54362.23110   16.74020    0.04800
54362.24307   16.59349    0.05200
54362.25504   16.67221    0.04800
54362.26703   16.68595    0.04800
54362.27899   16.76512    0.05000
54364.28118   16.69208    0.05500
54364.29334   16.62036    0.05200
54364.30549   16.66760    0.08700
54364.31769   16.69898    0.05000
54364.32990   16.61408    0.05500
54379.21616   16.71084    0.04600
54379.22711   16.68347    0.04300
54379.23793   16.65720    0.04400
54379.24877   16.65308    0.04300
54381.20459   16.57356    0.04800
54384.21307   16.73583    0.10700
54384.22409   16.69380    0.04400
54384.23510   16.56831    0.04400
54384.24612   16.68567    0.04600
54386.24727   16.60283    0.07900
54386.25831   16.76462    0.08300
54386.26972   16.67474    0.08400
54386.28072   16.73916    0.07900
54386.29217   16.42955    0.07900
54387.20148   16.63215    0.04300
54387.21261   16.68121    0.04400
54387.22379   16.64606    0.04400
54387.23485   16.65789    0.04100
54387.24591   16.64267    0.04400
54392.19628   16.54979    0.05900
54392.22862   16.63414    0.05000
54392.23950   16.67885    0.05000
54404.24913   16.66526    0.05200
54404.26098   16.65902    0.05900
54404.27282   16.34980    0.18100
54404.28479   16.53886    0.32600
54404.29663   16.81074    0.09100
54409.19330   16.70560    0.03700
54409.20541   16.70493    0.04100
54409.21743   16.68759    0.04100
54409.22946   16.66279    0.04300
54409.24150   16.69571    0.04100
54418.13639   16.60845    0.03900
54418.14892   16.69237    0.04100
54418.16146   16.71333    0.03900
54418.17401   16.68142    0.04100
54418.18655   16.67822    0.03900
54439.13911   16.70184    0.03300
54439.15171   16.72887    0.03100
54439.16433   16.70412    0.03100
54439.17695   16.75246    0.03300
54677.35381   17.02350    0.17800
54682.35741   16.82570    0.06100
54682.36897   16.91476    0.06300
54702.33498   16.83262    0.05900
54702.34752   16.91827    0.06100
54702.36004   16.82470    0.05700
54702.38510   16.83193    0.05500
54737.26157   16.92078    0.04600
54738.23094   16.96997    0.05200
54738.26809   16.92804    0.05000
54738.28048   16.99502    0.05200
54763.21396   16.95998    0.04800
54763.22556   17.00919    0.04800
54763.23704   17.03209    0.05200
54763.24853   16.96737    0.05200
54770.19000   16.94783    0.04800
54770.20162   16.94419    0.05000
54770.21326   16.94849    0.05000
54770.22496   17.00797    0.05000
54770.23658   16.96056    0.05400
54789.19507   16.87898    0.04400
54789.20744   16.89494    0.04400
54789.21981   16.96893    0.04300
54789.23219   16.95159    0.04600
54789.24459   16.94984    0.04600
54794.12982   16.84567    0.04800
54794.14253   16.80470    0.04800
54794.16761   16.79211    0.04800
54794.18017   16.89495    0.04800
54801.13045   16.89396    0.05000
54801.14314   16.82267    0.05000
54801.15584   16.74287    0.05200
54801.16852   16.90381    0.05400
54801.18123   16.87652    0.05400
54829.07376   16.72534    0.04800
54829.09927   16.70195    0.05000
54829.11200   16.68326    0.05200
54829.12486   16.63526    0.05000
