2
840
4497.36918   10.63953    1.08877
4497.50628   10.64835    1.08366
4497.64338   10.65722    1.07847
4497.78049   10.66615    1.07319
4497.91759   10.67512    1.06782
4498.05469   10.68415    1.06236
4498.19179   10.69323    1.05682
4498.32889   10.70236    1.05118
4498.46600   10.71154    1.04544
4498.60310   10.72078    1.03960
4498.74020   10.73007    1.03367
4498.87730   10.73941    1.02763
4499.01440   10.74881    1.02148
4499.15151   10.75826    1.01523
4499.28861   10.76776    1.00886
4499.42571   10.77732    1.00238
4499.56281   10.78694    0.99578
4499.69992   10.79661    0.98906
4499.83702   10.80633    0.98222
4499.97412   10.81611    0.97525
4500.11122   10.82595    0.96815
4500.24832   10.83584    0.96091
4500.38543   10.84579    0.95353
4500.52253   10.85580    0.94601
4500.65963   10.86587    0.93835
4500.79673   10.87599    0.93053
4500.93383   10.88617    0.92255
4501.07094   10.89641    0.91441
4501.20804   10.90671    0.90610
4501.34514   10.91707    0.89761
4501.48224   10.92748    0.88895
4501.61934   10.93796    0.88010
4501.75645   10.94850    0.87106
4501.89355   10.95910    0.86181
4502.03065   10.96976    0.85236
4502.16775   10.98048    0.84269
4502.30485   10.99126    0.83280
4502.44196   11.00210    0.82267
4502.57906   11.01301    0.81229
4502.71616   11.02397    0.80166
4502.85326   11.03501    0.79076
4502.99037   11.04610    0.77958
4503.12747   11.05726    0.76811
4503.26457   11.06848    0.75632
4503.40167   11.07977    0.74421
4503.53877   11.09112    0.73176
4503.67588   11.10254    0.71895
4503.81298   11.11402    0.70575
4503.95008   11.12557    0.69214
4504.08718   11.13718    0.67810
4504.22428   11.14887    0.66359
4504.36139   11.16062    0.64859
4504.49849   11.17243    0.63305
4504.63559   11.18432    0.61693
4504.77269   11.19627    0.60019
4504.90979   11.20829    0.58277
4505.04690   11.22038    0.56460
4505.18400   11.23254    0.54560
4505.32110   11.24477    0.52569
4505.45820   11.25707    0.50475
4505.59530   11.26944    0.48265
4505.73241   11.28188    0.45920
4505.86951   11.29439    0.43421
4506.00661   11.30698    0.40737
4506.14371   11.31964    0.37828
4506.28081   11.33237    0.34639
4506.41792   11.34517    0.31081
4506.55502   11.35805    0.27011
4506.69212   11.36638    0.22837
4506.82922   11.36506    0.19154
4506.96633   11.35400    0.16227
4507.10343   11.33246    0.21963
4507.24053   11.30766    0.26579
4507.37763   11.28293    0.30361
4507.51473   11.25827    0.33592
4507.65184   11.23368    0.36420
4507.78894   11.20916    0.38934
4507.92604   11.18471    0.41190
4508.06314   11.16033    0.43230
4508.20024   11.13601    0.45084
4508.33735   11.11177    0.46773
4508.47445   11.08758    0.48315
4508.61155   11.06347    0.49725
4508.74865   11.03942    0.51012
4508.88575   11.01543    0.52187
4509.02286   10.99150    0.53257
4509.15996   10.96764    0.54228
4509.29706   10.94383    0.55106
4509.43416   10.92009    0.55895
4509.57126   10.89641    0.56599
4509.70837   10.87278    0.57222
4509.84547   10.84922    0.57765
4509.98257   10.82571    0.58232
4510.11967   10.80226    0.58623
4510.25677   10.77886    0.58942
4510.39388   10.75552    0.59188
4510.53098   10.73223    0.59363
4510.66808   10.70900    0.59468
4510.80518   10.68582    0.59502
4510.94229   10.66269    0.59466
4511.07939   10.63961    0.59361
4511.21649   10.61658    0.59185
4511.35359   10.59360    0.58937
4511.49069   10.57068    0.58618
4511.62780   10.54779    0.58225
4511.76490   10.52496    0.57757
4511.90200   10.50217    0.57213
4512.03910   10.47943    0.56589
4512.17620   10.45674    0.55884
4512.31331   10.43409    0.55093
4512.45041   10.41148    0.54214
4512.58751   10.38891    0.53241
4512.72461   10.36639    0.52170
4512.86171   10.34391    0.50993
4512.99882   10.32147    0.49704
4513.13592   10.29907    0.48293
4513.27302   10.27671    0.46748
4513.41012   10.25438    0.45057
4513.54722   10.23210    0.43201
4513.68433   10.20985    0.41157
4513.82143   10.18764    0.38897
4513.95853   10.16546    0.36379
4514.09563   10.14332    0.33546
4514.23274   10.12121    0.30307
4514.36984   10.09914    0.26515
4514.50694   10.06707    0.22348
4514.64404   10.00573    0.18442
4514.78114    9.91465    0.14038
4514.91825    9.90515    0.20362
4515.05535    9.88221    0.25368
4515.19245    9.85929    0.29407
4515.32955    9.83640    0.32838
4515.46665    9.81353    0.35837
4515.60376    9.79068    0.38504
4515.74086    9.76786    0.40906
4515.87796    9.74506    0.43087
4516.01506    9.72228    0.45079
4516.15216    9.69952    0.46907
4516.28927    9.67678    0.48589
4516.42637    9.65406    0.50140
4516.56347    9.63135    0.51573
4516.70057    9.60867    0.52897
4516.83767    9.58600    0.54120
4516.97478    9.56334    0.55249
4517.11188    9.54070    0.56289
4517.24898    9.51808    0.57247
4517.38608    9.49547    0.58126
4517.52318    9.47287    0.58929
4517.66029    9.45029    0.59661
4517.79739    9.42771    0.60323
4517.93449    9.40515    0.60917
4518.07159    9.38259    0.61447
4518.20870    9.36005    0.61914
4518.34580    9.33751    0.62318
4518.48290    9.31499    0.62662
4518.62000    9.29246    0.62947
4518.75710    9.26995    0.63172
4518.89421    9.24744    0.63340
4519.03131    9.22493    0.63450
4519.16841    9.20243    0.63503
4519.30551    9.17993    0.63499
4519.44261    9.15744    0.63437
4519.57972    9.13494    0.63319
4519.71682    9.11245    0.63143
4519.85392    9.08996    0.62908
4519.99102    9.06747    0.62615
4520.12812    9.04497    0.62262
4520.26523    9.02248    0.61848
4520.40233    8.99998    0.61372
4520.53943    8.97747    0.60833
4520.67653    8.95497    0.60229
4520.81363    8.93246    0.59557
4520.95074    8.90994    0.58815
4521.08784    8.88742    0.58000
4521.22494    8.86489    0.57110
4521.36204    8.84235    0.56140
4521.49915    8.81980    0.55086
4521.63625    8.79725    0.53944
4521.77335    8.77468    0.52706
4521.91045    8.75210    0.51367
4522.04755    8.72951    0.49918
4522.18466    8.70691    0.48348
4522.32176    8.68430    0.46645
4522.45886    8.66167    0.44794
4522.59596    8.63903    0.42776
4522.73306    8.61637    0.40564
4522.87017    8.59370    0.38126
4523.00727    8.57101    0.35414
4523.14437    8.54830    0.32359
4523.28147    8.52558    0.28851
4523.41857    8.50283    0.24699
4523.55568    8.48113    0.19924
4523.69278    8.47605    0.15721
4523.82988    8.49343    0.11021
4523.96698    8.46080    0.13461
4524.10408    8.44961    0.18690
4524.24119    8.44153    0.21497
4524.37829    8.43342    0.22737
4524.51539    8.42528    0.22669
4524.65249    8.41713    0.21281
4524.78959    8.40895    0.18273
4524.92670    8.39792    0.14035
4525.06380    8.36170    0.18807
4525.20090    8.32546    0.21139
4525.33800    8.28919    0.21827
4525.47511    8.25290    0.21033
4525.61221    8.21784    0.18913
4525.74931    8.18759    0.16158
4525.88641    8.16239    0.11589
4526.02351    8.20756    0.13588
4526.16062    8.23111    0.19585
4526.29772    8.25464    0.23371
4526.43482    8.27816    0.25932
4526.57192    8.30164    0.27612
4526.70902    8.32510    0.28567
4526.84613    8.34853    0.28868
4526.98323    8.37194    0.28537
4527.12033    8.39532    0.27551
4527.25743    8.41868    0.25834
4527.39453    8.44202    0.23225
4527.53164    8.45833    0.19971
4527.66874    8.45677    0.16695
4527.80584    8.43718    0.12254
4527.94294    8.38527    0.17563
4528.08004    8.32560    0.20399
4528.21715    8.26591    0.21393
4528.35425    8.20619    0.20811
4528.49135    8.15208    0.18626
4528.62845    8.13273    0.15813
4528.76555    8.13997    0.12400
4528.90266    8.21349    0.10735
4529.03976    8.24705    0.17189
4529.17686    8.27292    0.20524
4529.31396    8.29876    0.22041
4529.45107    8.32457    0.22118
4529.58817    8.35033    0.20772
4529.72527    8.35848    0.18497
4529.86237    8.33404    0.15705
4529.99947    8.29650    0.13475
4530.13658    8.31657    0.19273
4530.27368    8.32718    0.23062
4530.41078    8.33775    0.25575
4530.54788    8.34831    0.27169
4530.68498    8.35883    0.28002
4530.82209    8.36934    0.28141
4530.95919    8.37982    0.27596
4531.09629    8.39027    0.26326
4531.23339    8.40070    0.24216
4531.37049    8.41096    0.21029
4531.50760    8.41927    0.17182
4531.64470    8.43024    0.13432
4531.78180    8.42754    0.09981
4531.91890    8.42316    0.11098
4532.05600    8.37854    0.16553
4532.19311    8.32448    0.18492
4532.33021    8.27119    0.17969
4532.46731    8.23827    0.15794
4532.60441    8.20696    0.12731
4532.74152    8.23821    0.09632
4532.87862    8.38620    0.09345
4533.01572    8.40686    0.12263
4533.15282    8.40065    0.17523
4533.28992    8.39222    0.19728
4533.42703    8.38376    0.19900
4533.56413    8.37422    0.18499
4533.70123    8.36107    0.16407
4533.83833    8.34418    0.12943
4533.97543    8.33091    0.17905
4534.11254    8.31674    0.22416
4534.24964    8.30253    0.25522
4534.38674    8.28831    0.27699
4534.52384    8.27406    0.29155
4534.66094    8.25977    0.29997
4534.79805    8.24547    0.30276
4534.93515    8.23113    0.30007
4535.07225    8.21676    0.29176
4535.20935    8.20237    0.27731
4535.34645    8.18795    0.25568
4535.48356    8.17266    0.22791
4535.62066    8.15229    0.21050
4535.75776    8.12625    0.21009
4535.89486    8.09453    0.22508
4536.03196    8.05868    0.24407
4536.16907    8.02260    0.25314
4536.30617    7.98649    0.25278
4536.44327    7.95034    0.24297
4536.58037    7.91415    0.22243
4536.71748    7.87793    0.18769
4536.85458    7.84267    0.13126
4536.99168    7.85288    0.19421
4537.12878    7.86304    0.23423
4537.26588    7.87317    0.26207
4537.40299    7.88325    0.28135
4537.54009    7.89330    0.29377
4537.67719    7.90330    0.30019
4537.81429    7.91327    0.30099
4537.95139    7.92320    0.29621
4538.08850    7.93309    0.28559
4538.22560    7.94294    0.26841
4538.36270    7.95275    0.24329
4538.49980    7.96218    0.20781
4538.63690    7.96571    0.16924
4538.77401    7.96341    0.13199
4538.91111    8.00796    0.10108
4539.04821    8.06597    0.16229
4539.18531    8.11687    0.19797
4539.32241    8.16773    0.21327
4539.45952    8.21857    0.21264
4539.59662    8.26996    0.19692
4539.73372    8.32763    0.17451
4539.87082    8.39303    0.14416
4540.00792    8.47152    0.15026
4540.14503    8.56179    0.18735
4540.28213    8.65270    0.20099
4540.41923    8.74359    0.19551
4540.55633    8.82564    0.17447
4540.69344    8.88214    0.14721
4540.83054    8.91242    0.10323
4540.96764    8.92692    0.14565
4541.10474    8.90007    0.20619
4541.24184    8.87235    0.24859
4541.37895    8.84463    0.28080
4541.51605    8.81691    0.30606
4541.65315    8.78917    0.32599
4541.79025    8.76142    0.34153
4541.92735    8.73366    0.35326
4542.06446    8.70589    0.36155
4542.20156    8.67810    0.36664
4542.33866    8.65031    0.36866
4542.47576    8.62249    0.36766
4542.61286    8.59466    0.36361
4542.74997    8.56682    0.35642
4542.88707    8.53896    0.34589
4543.02417    8.51107    0.33168
4543.16127    8.48317    0.31332
4543.29837    8.45525    0.28999
4543.43548    8.42731    0.26038
4543.57258    8.40027    0.22300
4543.70968    8.38401    0.18613
4543.84678    8.38117    0.14803
4543.98389    8.37759    0.15054
4544.12099    8.37007    0.18922
4544.25809    8.36378    0.20527
4544.39519    8.35747    0.20339
4544.53229    8.35119    0.18428
4544.66940    8.33521    0.15781
4544.80650    8.29902    0.12349
4544.94360    8.25781    0.10962
4545.08070    8.30583    0.16649
4545.21780    8.34701    0.18903
4545.35491    8.38787    0.18840
4545.49201    8.39700    0.17227
4545.62911    8.35484    0.14393
4545.76621    8.27748    0.11474
4545.90331    8.19836    0.11866
4546.04042    8.18732    0.15899
4546.17752    8.20104    0.19032
4546.31462    8.21478    0.19880
4546.45172    8.22693    0.18775
4546.58882    8.19893    0.16402
4546.72593    8.12640    0.13388
4546.86303    7.97487    0.10365
4547.00013    7.86380    0.15208
4547.13723    7.80738    0.18763
4547.27433    7.75121    0.19920
4547.41144    7.69500    0.19111
4547.54854    7.64662    0.16782
4547.68564    7.60054    0.13993
4547.82274    7.54641    0.09612
4547.95985    7.47559    0.13321
4548.09695    7.45701    0.17214
4548.23405    7.43630    0.17991
4548.37115    7.41019    0.16499
4548.50825    7.34702    0.14232
4548.64536    7.24023    0.09946
4548.78246    7.18614    0.13925
4548.91956    7.16234    0.20242
4549.05666    7.13563    0.24597
4549.19376    7.10885    0.27899
4549.33087    7.08201    0.30491
4549.46797    7.05510    0.32544
4549.60507    7.02813    0.34155
4549.74217    7.00109    0.35385
4549.87927    6.97397    0.36274
4550.01638    6.94679    0.36845
4550.15348    6.91954    0.37114
4550.29058    6.89221    0.37087
4550.42768    6.86482    0.36764
4550.56478    6.83735    0.36136
4550.70189    6.80980    0.35187
4550.83899    6.78218    0.33891
4550.97609    6.75448    0.32204
4551.11319    6.72671    0.30062
4551.25030    6.69886    0.27356
4551.38740    6.67093    0.23896
4551.52450    6.64780    0.19803
4551.66160    6.64226    0.16045
4551.79870    6.65496    0.11297
4551.93581    6.61612    0.15817
4552.07291    6.57438    0.19420
4552.21001    6.53260    0.20860
4552.34711    6.49073    0.20595
4552.48421    6.44925    0.18569
4552.62132    6.43016    0.15631
4552.75842    6.44361    0.12601
4552.89552    6.44441    0.08502
4553.03262    6.46065    0.15528
4553.16972    6.49248    0.19285
4553.30683    6.52422    0.20825
4553.44393    6.55587    0.20652
4553.58103    6.58744    0.18716
4553.71813    6.61893    0.14320
4553.85523    6.60868    0.14975
4553.99234    6.56509    0.18972
4554.12944    6.52141    0.20627
4554.26654    6.47766    0.20517
4554.40364    6.43393    0.18635
4554.54074    6.39467    0.15737
4554.67785    6.36412    0.12576
4554.81495    6.31633    0.09231
4554.95205    6.28517    0.15110
4555.08915    6.28402    0.20560
4555.22626    6.28285    0.24148
4555.36336    6.28158    0.26631
4555.50046    6.28021    0.28301
4555.63756    6.27876    0.29297
4555.77466    6.27721    0.29689
4555.91177    6.27557    0.29500
4556.04887    6.27384    0.28718
4556.18597    6.27201    0.27293
4556.32307    6.27009    0.25115
4556.46017    6.26808    0.21960
4556.59728    6.27024    0.18245
4556.73438    6.28150    0.14445
4556.87148    6.31392    0.08495
4557.00858    6.36780    0.15154
4557.14568    6.36776    0.20476
4557.28279    6.36764    0.23904
4557.41989    6.36742    0.26195
4557.55699    6.36712    0.27632
4557.69409    6.36673    0.28345
4557.83119    6.36624    0.28390
4557.96830    6.36567    0.27770
4558.10540    6.36501    0.26438
4558.24250    6.36425    0.24276
4558.37960    6.36388    0.21109
4558.51670    6.37205    0.18108
4558.65381    6.39173    0.15724
4558.79091    6.42293    0.12529
4558.92801    6.43290    0.15811
4559.06511    6.43103    0.19635
4559.20222    6.42907    0.21360
4559.33932    6.42703    0.21499
4559.47642    6.42490    0.20084
4559.61352    6.42328    0.17585
4559.75062    6.42293    0.14659
4559.88773    6.42600    0.10200
4560.02483    6.46596    0.16129
4560.16193    6.50633    0.18388
4560.29903    6.54637    0.18140
4560.43613    6.57646    0.16501
4560.57324    6.59166    0.13793
4560.71034    6.61359    0.12467
4560.84744    6.67389    0.18005
4560.98454    6.73128    0.20886
4561.12164    6.78859    0.22054
4561.25875    6.84582    0.21786
4561.39585    6.90301    0.20037
4561.53295    6.96190    0.17520
4561.67005    7.02355    0.14554
4561.80715    7.07472    0.13048
4561.94426    7.08760    0.19843
4562.08136    7.10104    0.24717
4562.21846    7.11442    0.28545
4562.35556    7.12773    0.31708
4562.49267    7.14097    0.34392
4562.62977    7.15415    0.36701
4562.76687    7.16727    0.38703
4562.90397    7.18032    0.40444
4563.04107    7.19331    0.41956
4563.17818    7.20624    0.43264
4563.31528    7.21911    0.44386
4563.45238    7.23191    0.45336
4563.58948    7.24465    0.46124
4563.72658    7.25733    0.46760
4563.86369    7.26995    0.47248
4564.00079    7.28251    0.47595
4564.13789    7.29501    0.47802
4564.27499    7.30746    0.47872
4564.41209    7.31984    0.47805
4564.54920    7.33216    0.47602
4564.68630    7.34443    0.47259
4564.82340    7.35664    0.46774
4564.96050    7.36879    0.46142
4565.09760    7.38088    0.45357
4565.23471    7.39292    0.44411
4565.37181    7.40490    0.43294
4565.50891    7.41682    0.41990
4565.64601    7.42869    0.40483
4565.78311    7.44051    0.38749
4565.92022    7.45227    0.36753
4566.05732    7.46397    0.34453
4566.19442    7.47563    0.31780
4566.33152    7.48722    0.28629
4566.46863    7.49877    0.24821
4566.60573    7.52545    0.20748
4566.74283    7.59249    0.17518
4566.87993    7.70027    0.14552
4567.01703    7.75647    0.17857
4567.15414    7.82809    0.19325
4567.29124    7.89791    0.18702
4567.42834    7.94396    0.16931
4567.56544    7.95959    0.13934
4567.70254    7.96329    0.12988
4567.83965    7.96365    0.13480
4567.97675    8.00002    0.14749
4568.11385    8.07500    0.17923
4568.25095    8.14995    0.18333
4568.38805    8.22557    0.16883
4568.52516    8.31164    0.14341
4568.66226    8.41413    0.10874
4568.79936    8.50637    0.12515
4568.93646    8.58655    0.17878
4569.07356    8.67284    0.20594
4569.21067    8.75912    0.21524
4569.34777    8.84538    0.20906
4569.48487    8.92980    0.19024
4569.62197    9.00871    0.16549
4569.75908    9.08201    0.12575
4569.89618    9.20726    0.17547
4570.03328    9.33253    0.20580
4570.17038    9.45781    0.21816
4570.30748    9.58311    0.21567
4570.44459    9.70936    0.19966
4570.58169    9.84097    0.17763
4570.71879    9.97852    0.14627
4570.85589   10.04721    0.16988
4570.99299   10.09050    0.20078
4571.13010   10.13398    0.21252
4571.26720   10.17749    0.20816
4571.40430   10.20675    0.19021
4571.54140   10.19793    0.16310
4571.67850   10.17120    0.12222
4571.81561    9.88743    0.13051
4571.95271    9.79106    0.15367
4572.08981    9.88697    0.19298
4572.22691    9.98492    0.21057
4572.36401   10.08290    0.21157
4572.50112   10.18091    0.19624
4572.63822   10.27895    0.15996
4572.77532   10.28312    0.18675
4572.91242   10.26388    0.21259
4573.04952   10.24468    0.22224
4573.18663   10.22552    0.21787
4573.32373   10.20768    0.19887
4573.46083   10.21498    0.17190
4573.59793   10.25439    0.14089
4573.73504   10.31858    0.11334
4573.87214   10.24041    0.17180
4574.00924   10.16317    0.20161
4574.14634   10.08596    0.21230
4574.28344   10.00878    0.20685
4574.42055    9.93965    0.18983
4574.55765    9.88787    0.16677
4574.69475    9.85116    0.13711
4574.83185    9.80140    0.18787
4574.96895    9.75780    0.21758
4575.10606    9.71422    0.23217
4575.24316    9.67067    0.23448
4575.38026    9.62713    0.22489
4575.51736    9.58633    0.20363
4575.65446    9.56160    0.17811
4575.79157    9.55471    0.14439
4575.92867    9.58593    0.16364
4576.06577    9.64033    0.19584
4576.20287    9.69530    0.20732
4576.33997    9.75029    0.20143
4576.47708    9.80795    0.18055
4576.61418    9.85919    0.15394
4576.75128    9.89880    0.11171
4576.88838    9.93415    0.14283
4577.02548    9.93339    0.18869
4577.16259    9.92989    0.21117
4577.29969    9.92642    0.21716
4577.43679    9.92295    0.20814
4577.57389    9.91280    0.18923
4577.71100    9.89095    0.16393
4577.84810    9.86680    0.14333
4577.98520    9.87215    0.18922
4578.12230    9.87441    0.21375
4578.25940    9.87671    0.22237
4578.39651    9.87902    0.21700
4578.53361    9.88298    0.19908
4578.67071    9.89404    0.17579
4578.80781    9.91265    0.14220
4578.94491    9.95718    0.16852
4579.08202   10.01218    0.19518
4579.21912   10.06729    0.20084
4579.35622   10.12254    0.19069
4579.49332   10.17820    0.17259
4579.63042   10.23430    0.14186
4579.76753   10.27544    0.18241
4579.90463   10.31456    0.21607
4580.04173   10.35371    0.23421
4580.17883   10.39291    0.24039
4580.31593   10.43215    0.23554
4580.45304   10.47149    0.21901
4580.59014   10.51486    0.19574
4580.72724   10.56467    0.16823
4580.86434   10.60594    0.15133
4581.00145   10.60631    0.18835
4581.13855   10.60816    0.20362
4581.27565   10.61038    0.20067
4581.41275   10.62687    0.18674
4581.54985   10.66510    0.16528
4581.68696   10.69573    0.15615
4581.82406   10.67135    0.19741
4581.96116   10.65134    0.21977
4582.09826   10.63139    0.22756
4582.23536   10.61149    0.22230
4582.37247   10.59336    0.20472
4582.50957   10.58525    0.18165
4582.64667   10.58827    0.14993
4582.78377   10.63751    0.17447
4582.92087   10.70741    0.20552
4583.05798   10.77770    0.21877
4583.19508   10.84805    0.21730
4583.33218   10.91630    0.20266
4583.46928   10.97273    0.18250
4583.60638   11.01614    0.15469
4583.74349   11.03658    0.17570
4583.88059   11.04327    0.20755
4584.01769   11.04969    0.22210
4584.15479   11.05617    0.22258
4584.29189   11.06313    0.20952
4584.42900   11.07775    0.18976
4584.56610   11.10269    0.16492
4584.70320   11.12218    0.16337
4584.84030   11.12609    0.20078
4584.97741   11.13146    0.21990
4585.11451   11.13690    0.22450
4585.25161   11.14240    0.21551
4585.38871   11.15098    0.19687
4585.52581   11.16612    0.17410
4585.66292   11.18376    0.14897
4585.80002   11.16524    0.19278
4585.93712   11.14908    0.21785
4586.07422   11.13299    0.22791
4586.21132   11.11696    0.22500
4586.34843   11.10365    0.20963
4586.48553   11.11285    0.18882
4586.62263   11.14860    0.16186
4586.75973   11.16815    0.17247
4586.89683   11.17471    0.20613
4587.03394   11.18300    0.22238
4587.17104   11.19137    0.22462
4587.30814   11.19982    0.21340
4587.44524   11.20964    0.19466
4587.58234   11.22156    0.17208
4587.71945   11.21904    0.16407
4587.85655   11.17066    0.21341
4587.99365   11.12278    0.24842
4588.13075   11.07497    0.27330
4588.26785   11.02722    0.29068
4588.40496   10.97954    0.30184
4588.54206   10.93192    0.30747
4588.67916   10.88435    0.30788
4588.81626   10.83685    0.30308
4588.95337   10.78940    0.29282
4589.09047   10.74201    0.27650
4589.22757   10.69467    0.25292
4589.36467   10.64475    0.22198
4589.50177   10.58153    0.19040
4589.63888   10.50387    0.15427
4589.77598   10.39892    0.17824
4589.91308   10.27911    0.21317
4590.05018   10.15905    0.23207
4590.18728   10.03902    0.23865
4590.32439    9.91903    0.23395
4590.46149    9.80011    0.21749
4590.59859    9.72057    0.19739
4590.73569    9.69965    0.17963
4590.87279    9.71146    0.18506
4591.00990    9.73392    0.22598
4591.14700    9.76739    0.25580
4591.28410    9.80089    0.27642
4591.42120    9.83440    0.28979
4591.55830    9.86794    0.29690
4591.69541    9.90151    0.29820
4591.83251    9.93510    0.29377
4591.96961    9.96872    0.28334
4592.10671   10.00237    0.26620
4592.24382   10.03604    0.24092
4592.38092   10.07261    0.20993
4592.51802   10.11642    0.17930
4592.65512   10.16752    0.14182
4592.79222   10.15424    0.20228
4592.92933   10.14394    0.24771
4593.06643   10.13367    0.28280
4593.20353   10.12344    0.31107
4593.34063   10.11324    0.33426
4593.47773   10.10307    0.35337
4593.61484   10.09293    0.36905
4593.75194   10.08283    0.38171
4593.88904   10.07276    0.39165
4594.02614   10.06272    0.39908
4594.16324   10.05272    0.40413
4594.30035   10.04274    0.40689
4594.43745   10.03280    0.40742
4594.57455   10.02288    0.40572
4594.71165   10.01300    0.40175
4594.84875   10.00314    0.39546
4594.98586    9.99332    0.38673
4595.12296    9.98352    0.37538
4595.26006    9.97376    0.36117
4595.39716    9.96402    0.34375
4595.53426    9.94727    0.32563
4595.67137    9.91544    0.31048
4595.80847    9.86853    0.29819
4595.94557    9.80673    0.28736
4596.08267    9.73967    0.27233
4596.21978    9.67263    0.24972
4596.35688    9.60790    0.21860
4596.49398    9.56131    0.18645
4596.63108    9.53589    0.15046
4596.76818    9.48702    0.16150
4596.90529    9.42155    0.19712
4597.04239    9.35729    0.21259
4597.17949    9.29304    0.21198
4597.31659    9.22906    0.19527
4597.45369    9.17520    0.16871
4597.59080    9.13392    0.13799
4597.72790    9.13001    0.10333
4597.86500    9.17459    0.16375
4598.00210    9.21754    0.19699
4598.13920    9.26048    0.20960
4598.27631    9.30317    0.20549
4598.41341    9.31894    0.19249
4598.55051    9.29006    0.17747
4598.68761    9.23298    0.17486
4598.82471    9.19227    0.22656
4598.96182    9.14084    0.26746
4599.09892    9.08941    0.30023
4599.23602    9.03797    0.32733
4599.37312    8.98654    0.35007
4599.51023    8.93509    0.36928
4599.64733    8.88365    0.38547
4599.78443    8.83220    0.39903
4599.92153    8.78073    0.41020
4600.05863    8.72926    0.41919
4600.19574    8.67778    0.42614
4600.33284    8.62628    0.43113
4600.46994    8.57476    0.43425
4600.60704    8.52323    0.43553
4600.74414    8.47168    0.43498
4600.88125    8.42011    0.43261
4601.01835    8.36852    0.42838
4601.15545    8.31690    0.42223
4601.29255    8.26525    0.41408
4601.42965    8.21358    0.40380
4601.56676    8.16188    0.39123
4601.70386    8.11015    0.37614
4601.84096    8.05839    0.35820
4601.97806    8.00659    0.33695
4602.11516    7.95475    0.31173
4602.25227    7.90288    0.28145
4602.38937    7.85097    0.24425
4602.52647    7.80664    0.20301
4602.66357    7.78242    0.16561
4602.80067    7.77850    0.11997
4602.93778    7.77760    0.19083
4603.07488    7.78517    0.24593
4603.21198    7.79271    0.29029
4603.34908    7.80019    0.32831
4603.48619    7.80764    0.36200
4603.62329    7.81505    0.39247
4603.76039    7.82241    0.42042
4603.89749    7.82973    0.44634
4604.03459    7.83701    0.47056
4604.17170    7.84424    0.49334
4604.30880    7.85144    0.51487
4604.44590    7.85859    0.53531
4604.58300    7.86571    0.55477
4604.72010    7.87278    0.57336
4604.85721    7.87981    0.59117
4604.99431    7.88680    0.60826
4605.13141    7.89376    0.62469
4605.26851    7.90067    0.64053
4605.40561    7.90754    0.65581
4605.54272    7.91437    0.67057
4605.67982    7.92117    0.68485
4605.81692    7.92792    0.69868
4605.95402    7.93464    0.71209
4606.09112    7.94132    0.72511
4606.22823    7.94796    0.73775
4606.36533    7.95456    0.75003
4606.50243    7.96113    0.76198
4606.63953    7.96766    0.77362
4606.77663    7.97415    0.78495
4606.91374    7.98060    0.79599
4607.05084    7.98702    0.80676
4607.18794    7.99340    0.81727
4607.32504    7.99974    0.82753
4607.46215    8.00605    0.83755
4607.59925    8.01232    0.84733
4607.73635    8.01855    0.85690
4607.87345    8.02475    0.86625
4608.01055    8.03092    0.87540
4608.14766    8.03705    0.88435
4608.28476    8.04314    0.89311
4608.42186    8.04920    0.90168
4608.55896    8.05522    0.91008
4608.69606    8.06121    0.91831
4608.83317    8.06717    0.92637
4608.97027    8.07309    0.93428
4609.10737    8.07898    0.94202
4609.24447    8.08483    0.94962
4609.38157    8.09066    0.95707
4609.51868    8.09644    0.96438
4609.65578    8.10220    0.97155
4609.79288    8.10792    0.97859
4609.92998    8.11361    0.98550
4610.06708    8.11927    0.99228
4610.20419    8.12489    0.99894
4610.34129    8.13048    1.00549
4610.47839    8.13604    1.01191
4610.61549    8.14157    1.01822
4610.75260    8.14707    1.02443
4610.88970    8.15253    1.03052
4611.02680    8.15797    1.03651
4611.16390    8.16337    1.04240
4611.30100    8.16874    1.04819
4611.43811    8.17408    1.05388
4611.57521    8.17940    1.05947
4611.71231    8.18468    1.06498
4611.84941    8.18993    1.07039
4611.98651    8.19515    1.07572
4612.12362    8.20034    1.08095
4612.26072    8.20550    1.08611
4612.39782    8.21063    1.09118
840
4497.36918    7.89202    0.61151
4497.50628    7.89695    0.60866
4497.64338    7.90191    0.60577
4497.78049    7.90690    0.60283
4497.91759    7.91192    0.59984
4498.05469    7.91697    0.59680
4498.19179    7.92205    0.59371
4498.32889    7.92716    0.59057
4498.46600    7.93229    0.58738
4498.60310    7.93746    0.58413
4498.74020    7.94265    0.58083
4498.87730    7.94788    0.57747
4499.01440    7.95313    0.57405
4499.15151    7.95842    0.57056
4499.28861    7.96373    0.56702
4499.42571    7.96908    0.56342
4499.56281    7.97446    0.55974
4499.69992    7.97987    0.55601
4499.83702    7.98530    0.55220
4499.97412    7.99077    0.54832
4500.11122    7.99628    0.54437
4500.24832    8.00181    0.54035
4500.38543    8.00737    0.53624
4500.52253    8.01297    0.53206
4500.65963    8.01860    0.52780
4500.79673    8.02426    0.52345
4500.93383    8.02995    0.51901
4501.07094    8.03568    0.51449
4501.20804    8.04144    0.50987
4501.34514    8.04723    0.50515
4501.48224    8.05306    0.50034
4501.61934    8.05892    0.49542
4501.75645    8.06481    0.49040
4501.89355    8.07074    0.48526
4502.03065    8.07670    0.48001
4502.16775    8.08269    0.47464
4502.30485    8.08872    0.46915
4502.44196    8.09479    0.46352
4502.57906    8.10089    0.45777
4502.71616    8.10702    0.45187
4502.85326    8.11319    0.44582
4502.99037    8.11940    0.43962
4503.12747    8.12564    0.43325
4503.26457    8.13191    0.42672
4503.40167    8.13823    0.42001
4503.53877    8.14457    0.41311
4503.67588    8.15096    0.40601
4503.81298    8.15738    0.39870
4503.95008    8.16384    0.39117
4504.08718    8.17034    0.38340
4504.22428    8.17687    0.37538
4504.36139    8.18344    0.36708
4504.49849    8.19005    0.35850
4504.63559    8.19669    0.34960
4504.77269    8.20338    0.34036
4504.90979    8.21010    0.33076
4505.04690    8.21686    0.32075
4505.18400    8.22366    0.31030
4505.32110    8.23050    0.29935
4505.45820    8.23738    0.28786
4505.59530    8.24430    0.27575
4505.73241    8.25126    0.26293
4505.86951    8.25826    0.24929
4506.00661    8.26529    0.23470
4506.14371    8.27237    0.21894
4506.28081    8.27949    0.20176
4506.41792    8.28665    0.18274
4506.55502    8.29372    0.16140
4506.69212    8.29963    0.13811
4506.82922    8.30296    0.11380
4506.96633    8.30219    0.09443
4507.10343    8.29631    0.09190
4507.24053    8.28631    0.10627
4507.37763    8.27365    0.13083
4507.51473    8.25984    0.15466
4507.65184    8.24597    0.17457
4507.78894    8.23213    0.19172
4507.92604    8.21834    0.20679
4508.06314    8.20458    0.22023
4508.20024    8.19086    0.23230
4508.33735    8.17718    0.24323
4508.47445    8.16353    0.25315
4508.61155    8.14993    0.26218
4508.74865    8.13636    0.27042
4508.88575    8.12282    0.27793
4509.02286    8.10932    0.28477
4509.15996    8.09586    0.29100
4509.29706    8.08243    0.29664
4509.43416    8.06904    0.30174
4509.57126    8.05568    0.30632
4509.70837    8.04235    0.31041
4509.84547    8.02906    0.31402
4509.98257    8.01580    0.31717
4510.11967    8.00257    0.31988
4510.25677    7.98937    0.32216
4510.39388    7.97621    0.32401
4510.53098    7.96308    0.32545
4510.66808    7.94997    0.32647
4510.80518    7.93690    0.32709
4510.94229    7.92386    0.32731
4511.07939    7.91084    0.32713
4511.21649    7.89786    0.32654
4511.35359    7.88490    0.32554
4511.49069    7.87197    0.32414
4511.62780    7.85907    0.32232
4511.76490    7.84619    0.32008
4511.90200    7.83334    0.31740
4512.03910    7.82052    0.31429
4512.17620    7.80773    0.31071
4512.31331    7.79496    0.30667
4512.45041    7.78221    0.30213
4512.58751    7.76949    0.29707
4512.72461    7.75679    0.29147
4512.86171    7.74412    0.28529
4512.99882    7.73147    0.27850
4513.13592    7.71884    0.27105
4513.27302    7.70624    0.26287
4513.41012    7.69366    0.25390
4513.54722    7.68110    0.24406
4513.68433    7.66856    0.23322
4513.82143    7.65604    0.22124
4513.95853    7.64354    0.20793
4514.09563    7.63106    0.19300
4514.23274    7.61861    0.17604
4514.36984    7.60594    0.15647
4514.50694    7.59030    0.13432
4514.64404    7.56730    0.11013
4514.78114    7.53848    0.08858
4514.91825    7.51086    0.08352
4515.05535    7.48694    0.09736
4515.19245    7.47113    0.12300
4515.32955    7.45882    0.14868
4515.46665    7.44594    0.16993
4515.60376    7.43308    0.18817
4515.74086    7.42022    0.20420
4515.87796    7.40738    0.21851
4516.01506    7.39455    0.23142
4516.15216    7.38174    0.24316
4516.28927    7.36893    0.25389
4516.42637    7.35613    0.26373
4516.56347    7.34335    0.27279
4516.70057    7.33058    0.28114
4516.83767    7.31781    0.28884
4516.97478    7.30506    0.29594
4517.11188    7.29231    0.30249
4517.24898    7.27957    0.30853
4517.38608    7.26685    0.31407
4517.52318    7.25412    0.31916
4517.66029    7.24141    0.32381
4517.79739    7.22870    0.32803
4517.93449    7.21600    0.33186
4518.07159    7.20331    0.33530
4518.20870    7.19062    0.33836
4518.34580    7.17793    0.34106
4518.48290    7.16525    0.34340
4518.62000    7.15258    0.34539
4518.75710    7.13991    0.34704
4518.89421    7.12724    0.34835
4519.03131    7.11457    0.34933
4519.16841    7.10191    0.34998
4519.30551    7.08925    0.35030
4519.44261    7.07659    0.35029
4519.57972    7.06394    0.34995
4519.71682    7.05128    0.34929
4519.85392    7.03863    0.34829
4519.99102    7.02597    0.34696
4520.12812    7.01332    0.34529
4520.26523    7.00066    0.34328
4520.40233    6.98800    0.34092
4520.53943    6.97534    0.33821
4520.67653    6.96268    0.33513
4520.81363    6.95002    0.33167
4520.95074    6.93736    0.32782
4521.08784    6.92469    0.32357
4521.22494    6.91202    0.31890
4521.36204    6.89934    0.31379
4521.49915    6.88666    0.30822
4521.63625    6.87398    0.30216
4521.77335    6.86129    0.29558
4521.91045    6.84859    0.28845
4522.04755    6.83589    0.28071
4522.18466    6.82318    0.27233
4522.32176    6.81046    0.26323
4522.45886    6.79774    0.25335
4522.59596    6.78501    0.24257
4522.73306    6.77227    0.23077
4522.87017    6.75952    0.21779
4523.00727    6.74677    0.20340
4523.14437    6.73400    0.18727
4523.28147    6.72123    0.16890
4523.41857    6.70845    0.14751
4523.55568    6.69649    0.12289
4523.69278    6.68832    0.09602
4523.82988    6.68375    0.06885
4523.96698    6.67865    0.05355
4524.10408    6.67425    0.05994
4524.24119    6.66757    0.07910
4524.37829    6.66082    0.09779
4524.51539    6.65620    0.10670
4524.65249    6.65162    0.10665
4524.78959    6.64704    0.09763
4524.92670    6.64055    0.08451
4525.06380    6.62991    0.07895
4525.20090    6.61512    0.08398
4525.33800    6.59622    0.09545
4525.47511    6.57583    0.10075
4525.61221    6.55587    0.09689
4525.74931    6.53705    0.08541
4525.88641    6.52350    0.06768
4526.02351    6.52093    0.05662
4526.16062    6.52665    0.06386
4526.29772    6.53992    0.08558
4526.43482    6.55476    0.11014
4526.57192    6.56799    0.12721
4526.70902    6.58121    0.13815
4526.84613    6.59441    0.14435
4526.98323    6.60759    0.14643
4527.12033    6.62076    0.14455
4527.25743    6.63392    0.13856
4527.39453    6.64688    0.12799
4527.53164    6.65787    0.11298
4527.66874    6.66423    0.09412
4527.80584    6.66253    0.07539
4527.94294    6.64947    0.06923
4528.08004    6.62662    0.07672
4528.21715    6.59664    0.09022
4528.35425    6.56338    0.09765
4528.49135    6.53245    0.09479
4528.62845    6.50887    0.08381
4528.76555    6.49757    0.06647
4528.90266    6.50519    0.05176
4529.03976    6.52250    0.05411
4529.17686    6.54433    0.07103
4529.31396    6.56462    0.09088
4529.45107    6.57952    0.10191
4529.58817    6.59347    0.10308
4529.72527    6.60310    0.09639
4529.86237    6.60359    0.08310
4529.99947    6.59869    0.07037
4530.13658    6.59318    0.07141
4530.27368    6.59070    0.08649
4530.41078    6.59563    0.10814
4530.54788    6.60187    0.12493
4530.68498    6.60781    0.13538
4530.82209    6.61373    0.14085
4530.95919    6.61964    0.14193
4531.09629    6.62554    0.13871
4531.23339    6.63142    0.13088
4531.37049    6.63707    0.11780
4531.50760    6.64274    0.09958
4531.64470    6.64793    0.07711
4531.78180    6.65070    0.05452
4531.91890    6.64985    0.04205
4532.05600    6.63998    0.04889
4532.19311    6.62142    0.06487
4532.33021    6.59684    0.07678
4532.46731    6.57136    0.07648
4532.60441    6.54837    0.06498
4532.74152    6.54873    0.04854
4532.87862    6.57117    0.03524
4533.01572    6.59827    0.03521
4533.15282    6.62790    0.05109
4533.28992    6.63705    0.07048
4533.42703    6.63298    0.08556
4533.56413    6.62789    0.08873
4533.70123    6.62188    0.08229
4533.83833    6.61474    0.07088
4533.97543    6.60692    0.06921
4534.11254    6.59870    0.08199
4534.24964    6.59063    0.10374
4534.38674    6.58272    0.12441
4534.52384    6.57472    0.13855
4534.66094    6.56670    0.14787
4534.79805    6.55867    0.15328
4534.93515    6.55062    0.15516
4535.07225    6.54255    0.15366
4535.20935    6.53447    0.14868
4535.34645    6.52637    0.13985
4535.48356    6.51788    0.12760
4535.62066    6.50822    0.11442
4535.75776    6.49653    0.10471
4535.89486    6.48205    0.10361
4536.03196    6.46489    0.11010
4536.16907    6.44587    0.11832
4536.30617    6.42581    0.12374
4536.44327    6.40550    0.12379
4536.58037    6.38516    0.11771
4536.71748    6.36480    0.10441
4536.85458    6.34706    0.08768
4536.99168    6.33612    0.08135
4537.12878    6.33204    0.09025
4537.26588    6.33480    0.11042
4537.40299    6.34050    0.12890
4537.54009    6.34617    0.14136
4537.67719    6.35183    0.14932
4537.81429    6.35746    0.15347
4537.95139    6.36307    0.15413
4538.08850    6.36865    0.15134
4538.22560    6.37422    0.14490
4538.36270    6.37976    0.13429
4538.49980    6.38497    0.11882
4538.63690    6.38893    0.09895
4538.77401    6.39135    0.07555
4538.91111    6.40217    0.05490
4539.04821    6.41982    0.05185
4539.18531    6.44497    0.06632
4539.32241    6.47656    0.08567
4539.45952    6.50513    0.09701
4539.59662    6.53410    0.09765
4539.73372    6.56447    0.09016
4539.87082    6.59750    0.07635
4540.00792    6.63546    0.06671
4540.14503    6.67879    0.06906
4540.28213    6.72640    0.07945
4540.41923    6.77668    0.08855
4540.55633    6.82500    0.08689
4540.69344    6.86681    0.07605
4540.83054    6.89970    0.05979
4540.96764    6.91851    0.05298
4541.10474    6.92314    0.06628
4541.24184    6.91751    0.09243
4541.37895    6.90367    0.11979
4541.51605    6.88809    0.14064
4541.65315    6.87249    0.15654
4541.79025    6.85688    0.16889
4541.92735    6.84127    0.17844
4542.06446    6.82565    0.18562
4542.20156    6.81003    0.19070
4542.33866    6.79439    0.19383
4542.47576    6.77876    0.19513
4542.61286    6.76311    0.19462
4542.74997    6.74745    0.19229
4542.88707    6.73178    0.18807
4543.02417    6.71611    0.18182
4543.16127    6.70042    0.17334
4543.29837    6.68472    0.16227
4543.43548    6.66902    0.14803
4543.57258    6.65390    0.13018
4543.70968    6.64121    0.10925
4543.84678    6.63269    0.08610
4543.98389    6.62714    0.07063
4544.12099    6.62384    0.07056
4544.25809    6.62091    0.08098
4544.39519    6.61699    0.09142
4544.53229    6.61314    0.09134
4544.66940    6.60682    0.08214
4544.80650    6.59510    0.06582
4544.94360    6.58360    0.05163
4545.08070    6.58010    0.05282
4545.21780    6.58670    0.06613
4545.35491    6.60488    0.07968
4545.49201    6.61964    0.08200
4545.62911    6.61940    0.07306
4545.76621    6.60200    0.05922
4545.90331    6.57088    0.04878
4546.04042    6.54342    0.05188
4546.17752    6.52779    0.06631
4546.31462    6.52526    0.08043
4546.45172    6.53072    0.08734
4546.58882    6.52799    0.08283
4546.72593    6.50997    0.06946
4546.86303    6.46524    0.05346
4547.00013    6.41023    0.04966
4547.13723    6.35474    0.06154
4547.27433    6.30637    0.07835
4547.41144    6.27394    0.08736
4547.54854    6.24403    0.08432
4547.68564    6.21551    0.07224
4547.82274    6.18400    0.05506
4547.95985    6.15476    0.04646
4548.09695    6.12935    0.05375
4548.23405    6.10790    0.06740
4548.37115    6.09290    0.07464
4548.50825    6.07017    0.06920
4548.64536    6.03515    0.05486
4548.78246    5.99890    0.04808
4548.91956    5.96546    0.06205
4549.05666    5.94096    0.08936
4549.19376    5.92650    0.11804
4549.33087    5.91147    0.13947
4549.46797    5.89637    0.15581
4549.60507    5.88123    0.16854
4549.74217    5.86606    0.17844
4549.87927    5.85085    0.18597
4550.01638    5.83559    0.19139
4550.15348    5.82030    0.19490
4550.29058    5.80497    0.19660
4550.42768    5.78960    0.19652
4550.56478    5.77419    0.19467
4550.70189    5.75873    0.19100
4550.83899    5.74324    0.18540
4550.97609    5.72770    0.17768
4551.11319    5.71212    0.16756
4551.25030    5.69650    0.15455
4551.38740    5.68092    0.13792
4551.52450    5.66691    0.11758
4551.66160    5.65715    0.09429
4551.79870    5.65140    0.07053
4551.93581    5.64317    0.06019
4552.07291    5.63080    0.06748
4552.21001    5.61157    0.08309
4552.34711    5.58766    0.09379
4552.48421    5.56502    0.09285
4552.62132    5.54744    0.08285
4552.75842    5.53955    0.06598
4552.89552    5.53622    0.04805
4553.03262    5.54153    0.04606
4553.16972    5.55171    0.06153
4553.30683    5.56321    0.08188
4553.44393    5.58096    0.09352
4553.58103    5.59878    0.09286
4553.71813    5.61561    0.08087
4553.85523    5.62325    0.06999
4553.99234    5.61976    0.06996
4554.12944    5.60513    0.08066
4554.26654    5.58142    0.09209
4554.40364    5.55698    0.09226
4554.54074    5.53363    0.08297
4554.67785    5.51253    0.06634
4554.81495    5.48926    0.04811
4554.95205    5.47048    0.04513
4555.08915    5.45665    0.06351
4555.22626    5.44724    0.09093
4555.36336    5.44605    0.11533
4555.50046    5.44534    0.13170
4555.63756    5.44458    0.14248
4555.77466    5.44376    0.14889
4555.91177    5.44289    0.15150
4556.04887    5.44197    0.15050
4556.18597    5.44100    0.14581
4556.32307    5.43997    0.13706
4556.46017    5.43902    0.12359
4556.59728    5.43912    0.10555
4556.73438    5.44165    0.08327
4556.87148    5.45379    0.05950
4557.00858    5.46848    0.05053
4557.14568    5.48210    0.06426
4557.28279    5.49309    0.09019
4557.41989    5.49373    0.11378
4557.55699    5.49361    0.12898
4557.69409    5.49344    0.13835
4557.83119    5.49322    0.14304
4557.96830    5.49295    0.14352
4558.10540    5.49263    0.13983
4558.24250    5.49226    0.13162
4558.37960    5.49226    0.11858
4558.51670    5.49416    0.10194
4558.65381    5.49969    0.08373
4558.79091    5.50950    0.06670
4558.92801    5.51909    0.06134
4559.06511    5.52625    0.06945
4559.20222    5.52927    0.08473
4559.33932    5.52834    0.09718
4559.47642    5.52721    0.09881
4559.61352    5.52619    0.09174
4559.75062    5.52548    0.07753
4559.88773    5.52760    0.06113
4560.02483    5.53593    0.05667
4560.16193    5.55037    0.06475
4560.29903    5.57028    0.07600
4560.43613    5.59026    0.07797
4560.57324    5.60586    0.06866
4560.71034    5.62171    0.05833
4560.84744    5.64094    0.06106
4560.98454    5.66543    0.07582
4561.12164    5.69671    0.09354
4561.25875    5.72902    0.10211
4561.39585    5.76129    0.10105
4561.53295    5.79393    0.09229
4561.67005    5.82733    0.07713
4561.80715    5.85719    0.06424
4561.94426    5.88044    0.06866
4562.08136    5.89674    0.08982
4562.21846    5.90601    0.11870
4562.35556    5.91352    0.14337
4562.49267    5.92101    0.16312
4562.62977    5.92846    0.17956
4562.76687    5.93588    0.19354
4562.90397    5.94326    0.20557
4563.04107    5.95061    0.21596
4563.17818    5.95792    0.22495
4563.31528    5.96519    0.23271
4563.45238    5.97243    0.23934
4563.58948    5.97964    0.24495
4563.72658    5.98681    0.24961
4563.86369    5.99395    0.25336
4564.00079    6.00105    0.25626
4564.13789    6.00812    0.25832
4564.27499    6.01515    0.25956
4564.41209    6.02215    0.26001
4564.54920    6.02912    0.25966
4564.68630    6.03606    0.25851
4564.82340    6.04296    0.25655
4564.96050    6.04983    0.25376
4565.09760    6.05667    0.25011
4565.23471    6.06347    0.24556
4565.37181    6.07025    0.24007
4565.50891    6.07699    0.23356
4565.64601    6.08370    0.22595
4565.78311    6.09038    0.21711
4565.92022    6.09703    0.20690
4566.05732    6.10365    0.19509
4566.19442    6.11023    0.18136
4566.33152    6.11679    0.16525
4566.46863    6.12369    0.14610
4566.60573    6.13490    0.12433
4566.74283    6.15644    0.10147
4566.87993    6.18956    0.08188
4567.01703    6.22973    0.07482
4567.15414    6.27328    0.07806
4567.29124    6.31291    0.08347
4567.42834    6.34586    0.08227
4567.56544    6.36990    0.07152
4567.70254    6.38428    0.05989
4567.83965    6.39046    0.05237
4567.97675    6.40103    0.05410
4568.11385    6.42211    0.06407
4568.25095    6.45347    0.07314
4568.38805    6.49497    0.07785
4568.52516    6.54029    0.07099
4568.66226    6.58933    0.05746
4568.79936    6.63993    0.04925
4568.93646    6.69107    0.05703
4569.07356    6.74070    0.07498
4569.21067    6.78856    0.09157
4569.34777    6.83686    0.09863
4569.48487    6.88480    0.09616
4569.62197    6.93136    0.08610
4569.75908    6.97861    0.07268
4569.89618    7.03176    0.06889
4570.03328    7.09140    0.07721
4570.17038    7.15835    0.09146
4570.30748    7.22897    0.10048
4570.44459    7.29986    0.09999
4570.58169    7.37201    0.09203
4570.71879    7.44377    0.07912
4570.85589    7.50445    0.07266
4570.99299    7.55246    0.07725
4571.13010    7.58694    0.08832
4571.26720    7.61125    0.09666
4571.40430    7.63121    0.09522
4571.54140    7.64231    0.08540
4571.67850    7.63018    0.07016
4571.81561    7.57296    0.05708
4571.95271    7.51672    0.05524
4572.08981    7.47784    0.06733
4572.22691    7.47742    0.08306
4572.36401    7.52628    0.09507
4572.50112    7.58138    0.09629
4572.63822    7.63281    0.08889
4572.77532    7.66794    0.08430
4572.91242    7.68573    0.08720
4573.04952    7.68617    0.09633
4573.18663    7.67556    0.10333
4573.32373    7.66600    0.10114
4573.46083    7.66205    0.09136
4573.59793    7.66836    0.07530
4573.73504    7.67932    0.06005
4573.87214    7.67993    0.05912
4574.00924    7.66540    0.07189
4574.14634    7.63128    0.08844
4574.28344    7.58805    0.09661
4574.42055    7.54695    0.09497
4574.55765    7.51052    0.08575
4574.69475    7.47928    0.07468
4574.83185    7.45217    0.07382
4574.96895    7.42741    0.08408
4575.10606    7.40249    0.09960
4575.24316    7.37776    0.10984
4575.38026    7.35329    0.11177
4575.51736    7.32998    0.10651
4575.65446    7.31040    0.09519
4575.79157    7.29777    0.07960
4575.92867    7.29795    0.07089
4576.06577    7.31104    0.07427
4576.20287    7.33448    0.08490
4576.33997    7.36455    0.09305
4576.47708    7.39580    0.09081
4576.61418    7.42590    0.08008
4576.75128    7.45409    0.06390
4576.88838    7.47673    0.05536
4577.02548    7.49079    0.06294
4577.16259    7.49770    0.08015
4577.29969    7.49797    0.09533
4577.43679    7.49584    0.10017
4577.57389    7.49206    0.09631
4577.71100    7.48496    0.08538
4577.84810    7.47681    0.07426
4577.98520    7.47009    0.07375
4578.12230    7.46617    0.08354
4578.25940    7.46657    0.09709
4578.39651    7.46797    0.10347
4578.53361    7.46988    0.10117
4578.67071    7.47349    0.09187
4578.80781    7.48059    0.07816
4578.94491    7.49477    0.07137
4579.08202    7.51596    0.07511
4579.21912    7.54305    0.08428
4579.35622    7.57379    0.08970
4579.49332    7.60494    0.08555
4579.63042    7.63558    0.07620
4579.76753    7.66392    0.07432
4579.90463    7.68985    0.08324
4580.04173    7.71330    0.09855
4580.17883    7.73533    0.11108
4580.31593    7.75738    0.11553
4580.45304    7.77961    0.11290
4580.59014    7.80279    0.10421
4580.72724    7.82784    0.09031
4580.86434    7.85032    0.07791
4581.00145    7.86690    0.07575
4581.13855    7.87683    0.08223
4581.27565    7.88010    0.09054
4581.41275    7.88499    0.09105
4581.54985    7.89631    0.08338
4581.68696    7.90767    0.07584
4581.82406    7.91456    0.07780
4581.96116    7.91428    0.08829
4582.09826    7.90448    0.10128
4582.23536    7.89317    0.10698
4582.37247    7.88272    0.10454
4582.50957    7.87460    0.09543
4582.64667    7.87168    0.08202
4582.78377    7.88073    0.07549
4582.92087    7.90208    0.08016
4583.05798    7.93412    0.09163
4583.19508    7.97301    0.10087
4583.33218    8.01168    0.10106
4583.46928    8.04761    0.09401
4583.60638    8.07858    0.08226
4583.74349    8.10118    0.07666
4583.88059    8.11554    0.08161
4584.01769    8.12357    0.09315
4584.15479    8.12778    0.10308
4584.29189    8.13180    0.10420
4584.42900    8.13757    0.09809
4584.56610    8.14644    0.08636
4584.70320    8.15581    0.07769
4584.84030    8.16434    0.07962
4584.97741    8.17066    0.08983
4585.11451    8.17384    0.10146
4585.25161    8.17696    0.10514
4585.38871    8.18093    0.10105
4585.52581    8.18668    0.09079
4585.66292    8.19212    0.07982
4585.80002    8.19403    0.07856
4585.93712    8.19175    0.08712
4586.07422    8.18439    0.09993
4586.21132    8.17527    0.10714
4586.34843    8.16767    0.10612
4586.48553    8.16521    0.09850
4586.62263    8.17084    0.08608
4586.75973    8.17990    0.07869
4586.89683    8.19042    0.08195
4587.03394    8.19865    0.09263
4587.17104    8.20276    0.10322
4587.30814    8.20749    0.10541
4587.44524    8.21258    0.10030
4587.58234    8.21826    0.08954
4587.71945    8.21912    0.08107
4587.85655    8.21153    0.08474
4587.99365    8.19523    0.09964
4588.13075    8.17038    0.11993
4588.26785    8.14346    0.13613
4588.40496    8.11660    0.14725
4588.54206    8.08977    0.15435
4588.67916    8.06297    0.15798
4588.81626    8.03621    0.15839
4588.95337    8.00948    0.15558
4589.09047    7.98279    0.14940
4589.22757    7.95609    0.13940
4589.36467    7.92838    0.12543
4589.50177    7.89759    0.10801
4589.63888    7.86112    0.08897
4589.77598    7.81506    0.07945
4589.91308    7.75966    0.08369
4590.05018    7.69703    0.09688
4590.18728    7.63009    0.10964
4590.32439    7.56256    0.11437
4590.46149    7.49669    0.11197
4590.59859    7.43987    0.10407
4590.73569    7.40052    0.09297
4590.87279    7.38032    0.08690
4591.00990    7.37947    0.09263
4591.14700    7.39057    0.10724
4591.28410    7.40586    0.12487
4591.42120    7.42445    0.13822
4591.55830    7.44330    0.14681
4591.69541    7.46217    0.15141
4591.83251    7.48106    0.15239
4591.96961    7.49996    0.14981
4592.10671    7.51887    0.14349
4592.24382    7.53787    0.13299
4592.38092    7.55769    0.11849
4592.51802    7.57940    0.10067
4592.65512    7.60021    0.08418
4592.79222    7.61426    0.08198
4592.92933    7.62080    0.09575
4593.06643    7.61875    0.11924
4593.20353    7.61286    0.14180
4593.34063    7.60710    0.15953
4593.47773    7.60136    0.17382
4593.61484    7.59564    0.18548
4593.75194    7.58994    0.19497
4593.88904    7.58425    0.20261
4594.02614    7.57858    0.20860
4594.16324    7.57294    0.21307
4594.30035    7.56730    0.21613
4594.43745    7.56169    0.21783
4594.57455    7.55610    0.21820
4594.71165    7.55052    0.21726
4594.84875    7.54495    0.21498
4594.98586    7.53941    0.21132
4595.12296    7.53388    0.20620
4595.26006    7.52837    0.19952
4595.39716    7.52267    0.19119
4595.53426    7.51515    0.18166
4595.67137    7.50358    0.17183
4595.80847    7.48573    0.16270
4595.94557    7.46013    0.15480
4596.08267    7.42832    0.14682
4596.21978    7.39255    0.13678
4596.35688    7.35619    0.12318
4596.49398    7.32379    0.10584
4596.63108    7.29760    0.08583
4596.76818    7.27205    0.07360
4596.90529    7.24518    0.07529
4597.04239    7.21396    0.08618
4597.17949    7.17752    0.09654
4597.31659    7.14180    0.09691
4597.45369    7.10829    0.08856
4597.59080    7.07896    0.07310
4597.72790    7.06244    0.05665
4597.86500    7.06117    0.05432
4598.00210    7.07320    0.06727
4598.13920    7.09595    0.08503
4598.27631    7.11917    0.09479
4598.41341    7.13600    0.09474
4598.55051    7.13989    0.08833
4598.68761    7.13057    0.08381
4598.82471    7.10964    0.09090
4598.96182    7.08241    0.10865
4599.09892    7.05508    0.13201
4599.23602    7.02644    0.15272
4599.37312    6.99750    0.16950
4599.51023    6.96856    0.18339
4599.64733    6.93962    0.19501
4599.78443    6.91068    0.20475
4599.92153    6.88173    0.21287
4600.05863    6.85277    0.21954
4600.19574    6.82381    0.22491
4600.33284    6.79485    0.22905
4600.46994    6.76587    0.23205
4600.60704    6.73689    0.23393
4600.74414    6.70790    0.23473
4600.88125    6.67890    0.23446
4601.01835    6.64988    0.23312
4601.15545    6.62085    0.23069
4601.29255    6.59181    0.22712
4601.42965    6.56276    0.22238
4601.56676    6.53369    0.21637
4601.70386    6.50460    0.20899
4601.84096    6.47549    0.20008
4601.97806    6.44637    0.18944
4602.11516    6.41723    0.17674
4602.25227    6.38807    0.16150
4602.38937    6.35907    0.14303
4602.52647    6.33223    0.12146
4602.66357    6.31053    0.09755
4602.80067    6.29610    0.07586
4602.93778    6.28949    0.07202
4603.07488    6.28893    0.08896
4603.21198    6.29141    0.11780
4603.34908    6.29530    0.14621
4603.48619    6.29951    0.16979
4603.62329    6.30370    0.19024
4603.76039    6.30787    0.20850
4603.89749    6.31201    0.22510
4604.03459    6.31613    0.24039
4604.17170    6.32023    0.25460
4604.30880    6.32430    0.26791
4604.44590    6.32835    0.28044
4604.58300    6.33238    0.29231
4604.72010    6.33638    0.30359
4604.85721    6.34036    0.31434
4604.99431    6.34432    0.32461
4605.13141    6.34825    0.33447
4605.26851    6.35217    0.34393
4605.40561    6.35606    0.35303
4605.54272    6.35992    0.36181
4605.67982    6.36377    0.37028
4605.81692    6.36759    0.37846
4605.95402    6.37140    0.38639
4606.09112    6.37518    0.39407
4606.22823    6.37894    0.40151
4606.36533    6.38267    0.40874
4606.50243    6.38639    0.41576
4606.63953    6.39008    0.42259
4606.77663    6.39376    0.42923
4606.91374    6.39741    0.43570
4607.05084    6.40104    0.44200
4607.18794    6.40465    0.44814
4607.32504    6.40824    0.45413
4607.46215    6.41181    0.45998
4607.59925    6.41536    0.46568
4607.73635    6.41889    0.47126
4607.87345    6.42240    0.47670
4608.01055    6.42589    0.48203
4608.14766    6.42936    0.48723
4608.28476    6.43281    0.49233
4608.42186    6.43624    0.49731
4608.55896    6.43965    0.50219
4608.69606    6.44304    0.50696
4608.83317    6.44641    0.51164
4608.97027    6.44976    0.51622
4609.10737    6.45309    0.52071
4609.24447    6.45641    0.52512
4609.38157    6.45970    0.52943
4609.51868    6.46298    0.53366
4609.65578    6.46623    0.53782
4609.79288    6.46947    0.54189
4609.92998    6.47269    0.54589
4610.06708    6.47589    0.54981
4610.20419    6.47908    0.55366
4610.34129    6.48224    0.55744
4610.47839    6.48539    0.56115
4610.61549    6.48852    0.56480
4610.75260    6.49163    0.56838
4610.88970    6.49472    0.57190
4611.02680    6.49780    0.57536
4611.16390    6.50086    0.57875
4611.30100    6.50390    0.58209
4611.43811    6.50692    0.58538
4611.57521    6.50993    0.58860
4611.71231    6.51292    0.59178
4611.84941    6.51589    0.59490
4611.98651    6.51884    0.59797
4612.12362    6.52178    0.60099
4612.26072    6.52470    0.60396
4612.39782    6.52761    0.60688
