  -1212.74924705
  -1212.74924705
  -1212.74924705
  -1141.12771002
  -1141.12771002
  -1247.33904834
   -856.44730523
   -856.44730523
   -856.44730523
   -856.44730523
   -355.64453163
   -323.70110850
   -323.70110850
   -320.72817506
   -304.10037919
  -1095.74870302
  -1095.74870302
  -1095.74870302
   -917.20581609
   -912.90054899
   -904.37356724
   -904.37356724
   -904.37356724
   -904.37356724
   -726.23572377
   -536.47990693
   -536.47990693
   -434.31615528
   -434.31615528
   -434.31615528
   -444.06162715
   -444.06162715
   -444.06162715
   -444.06162715
   -444.06162715
   -919.68725178
   -699.97139248
   -699.97139248
   -699.97139248
   -566.03501580
   -535.54698140
   -347.30202712
   -347.30202712
   -340.97562728
   -340.97562728
   -849.65093100
   -849.65093100
   -738.51953828
   -397.81451711
   -397.81451711
  -1023.39737608
  -1023.39737608
  -1023.39737608
  -1023.39737608
  -1011.21689560
   -747.55766776
   -747.55766776
   -402.44639998
   -402.44639998
   -398.23212377
  -1249.55250187
  -1142.13000584
  -1126.32940179
  -1126.32940179
   -562.22822561
   -994.67055121
   -979.56444419
   -971.76772167
   -795.99346291
   -795.99346291
   -907.13632154
   -907.13632154
   -907.13632154
   -907.13632154
   -676.92004868
   -342.89231143
   -342.89231143
   -342.89231143
   -342.89231143
   -342.89231143
   -327.74044136
   -327.74044136
   -327.74044136
   -327.74044136
   -327.74044136
   -270.97759935
   -270.97759935
   -270.97759935
   -270.97759935
   -270.97759935
   -374.62417184
   -374.62417184
   -368.99212644
   -368.99212644
   -368.40803323
   -393.24411016
   -393.24411016
   -395.81183224
   -395.81183224
   -349.80153097
   -691.95085240
   -403.82899044
   -403.82899044
   -357.77626579
   -357.77626579
   -358.07457661
   -358.07457661
   -358.07457661
   -337.19378594
   -337.19378594
  -1168.64181666
  -1168.64181666
  -1168.64181666
   -996.58163257
   -996.58163257
   -966.11730793
   -966.11730793
   -722.92466542
   -722.92466542
   -722.92466542
  -1485.92652973
  -1155.27591785
  -1089.05601085
   -972.90684199
   -949.29107155
   -444.48215283
   -444.48215283
   -417.22067763
   -381.20600913
   -291.26535596
   -586.96941982
   -586.96941982
   -586.96941982
   -586.96941982
   -497.49478278
   -525.39029164
   -527.29963362
   -527.29963362
   -527.29963362
   -527.29963362
   -915.53062453
   -876.46755842
   -876.46755842
   -863.17742626
   -808.35589830
   -418.79758866
   -418.79758866
   -418.79758866
   -417.57114930
   -417.57114930
   -835.46329856
   -822.89959167
   -797.06341524
   -797.06341524
   -797.06341524
   -408.71761227
   -389.36563153
   -389.36563153
   -389.36563153
   -389.36563153
  -1203.01659097
  -1203.01659097
  -1203.01659097
  -1203.01659097
  -1108.74715062
   -949.56213642
   -780.36607893
   -780.36607893
   -780.36607893
   -624.42868832
   -460.90369991
   -322.55830555
   -312.53570369
   -312.53570369
   -312.53570369
  -1337.85222563
  -1337.85222563
   -951.69958993
   -926.58033080
   -926.58033080
   -283.77824629
   -274.92543567
   -172.22885703
   -155.34321594
   -155.34321594
  -1324.25910019
  -1300.30193630
  -1300.30193630
  -1285.49284499
   -996.68963382
   -613.58987430
   -601.42626271
   -447.75763155
   -447.75763155
   -447.75763155
  -1106.11720817
  -1106.11720817
  -1106.11720817
   -948.73237593
   -949.40969998
  -1291.16658773
  -1291.16658773
  -1291.16658773
  -1205.14533326
   -867.94342966
  -1168.78809987
  -1128.88215605
  -1128.88215605
   -914.40317481
   -914.40317481
  -1559.79961105
  -1409.65908702
  -1397.54036985
  -1397.54036985
  -1397.54036985
   -591.25146774
   -591.25146774
   -591.25146774
   -563.43279892
   -563.43279892
  -1253.11399804
  -1105.46838169
  -1034.06334019
   -654.47376608
   -654.47376608
   -383.92849385
   -383.92849385
   -380.52784173
   -380.52784173
   -332.60188044
   -512.36313648
   -512.36313648
   -512.36313648
   -512.36313648
   -512.36313648
   -695.57894179
   -641.95836268
   -510.61222106
   -510.61222106
   -510.61222106
   -767.29439910
   -740.61286280
   -634.03455444
   -434.94388317
   -434.94388317
  -1541.02562429
  -1500.71780564
  -1397.60929467
  -1128.85103236
  -1020.31694068
   -396.58132146
   -396.58132146
   -396.58132146
   -396.58132146
   -368.52230181
   -976.91930544
   -964.39781156
   -964.39781156
   -964.39781156
   -813.85523659
  -1191.61503195
  -1191.61503195
   -747.50664635
   -747.50664635
   -554.29323313
   -390.39872921
   -390.39872921
   -390.39872921
   -390.39872921
   -390.39872921
  -1335.88700805
  -1335.88700805
  -1250.69643278
  -1039.31688558
   -990.87312570
   -540.47246954
   -401.82434428
   -401.26355547
   -400.29013966
   -400.29013966
  -1391.19759550
  -1391.19759550
  -1061.46698042
  -1061.46698042
  -1061.46698042
  -1166.30509337
  -1166.30509337
   -960.00698336
   -862.70182502
   -700.62979467
   -451.93289167
   -451.93289167
   -451.93289167
   -443.54856933
   -436.27010952
   -755.20550955
   -755.20550955
   -755.20550955
   -755.20550955
   -755.20550955
   -709.28196577
   -470.60988935
   -414.38565767
   -394.71329055
   -394.71329055
  -1170.25997627
  -1163.36932807
  -1155.74499792
   -849.21211067
   -692.35462719
  -1021.32675030
   -831.27132743
   -831.27132743
   -492.05253503
   -483.84664737
   -820.48561137
   -744.25020332
   -744.25020332
   -744.25020332
   -744.25020332
   -985.23840495
   -940.55738401
   -889.69003766
   -817.08728890
   -669.87624916
   -675.42478788
   -675.42478788
   -675.42478788
   -675.42478788
   -675.42478788
  -1057.90533829
  -1057.90533829
   -558.97326422
   -535.52223608
   -409.16508935
   -423.00101369
   -423.00101369
   -423.00101369
   -423.00101369
   -423.00101369
   -870.07254963
   -433.60943220
   -433.60943220
   -305.61599475
   -305.61599475
   -465.51531563
   -423.19228333
   -309.78819434
   -309.78819434
   -309.78819434
   -757.68441974
   -558.67061829
   -558.67061829
   -558.67061829
   -558.67061829
   -734.96639488
   -563.14947460
   -563.14947460
   -563.14947460
   -563.14947460
   -376.17270236
   -361.98755829
   -348.77434486
   -282.62884272
   -282.62884272
   -311.98621657
   -311.98621657
   -311.98621657
   -311.98621657
   -311.98621657
   -384.20602832
   -384.20602832
   -384.20602832
   -384.20602832
   -384.20602832
   -879.05147785
   -879.05147785
   -844.61637273
   -844.61637273
   -581.22442841
   -943.84655010
   -943.84655010
   -943.84655010
   -906.13671594
   -906.13671594
  -1570.23896788
  -1346.25480783
  -1339.85418032
  -1339.85418032
  -1339.85418032
   -385.65901897
   -385.65901897
   -385.65901897
   -385.65901897
   -385.65901897
   -399.31461466
   -399.31461466
   -399.31461466
   -399.31461466
   -399.31461466
  -1103.43164916
  -1066.43376906
  -1041.18787875
  -1041.18787875
  -1041.18787875
   -635.80334224
   -635.80334224
   -569.69056062
   -345.70873006
   -257.96239577
   -518.60968522
   -518.60968522
   -518.60968522
   -419.84254045
   -404.32141146
   -513.66419349
   -513.66419349
   -456.98262170
   -456.98262170
   -456.98262170
   -414.56964416
   -404.08929255
   -385.65810965
   -385.65810965
   -385.65810965
   -347.31133023
   -347.31133023
   -319.45579946
   -192.87086942
   -192.87086942
   -581.14048568
   -424.24323197
   -393.72258357
   -393.72258357
   -393.72258357
   -305.15331555
   -305.15331555
   -305.15331555
   -305.15331555
   -296.90900835
   -885.05486261
   -885.05486261
   -850.26244738
   -741.73825452
   -719.66870611
  -1549.52675739
   -830.08813513
   -830.08813513
   -830.08813513
   -740.47876830
  -1291.68868025
  -1291.68868025
  -1291.68868025
  -1052.73196769
  -1052.73196769
   -788.39545843
   -788.39545843
   -788.39545843
   -788.39545843
   -788.39545843
   -866.40059758
   -821.46416610
   -748.22080525
   -748.22080525
   -635.53487387
   -804.49682168
   -804.49682168
   -804.49682168
   -804.49682168
   -675.18749252
  -1062.62242226
   -920.22046983
   -920.22046983
   -920.22046983
   -920.22046983
   -821.03039364
   -633.87953907
   -633.87953907
   -484.15045816
   -484.15045816
   -443.89103042
   -443.89103042
   -443.70023195
   -443.70023195
   -443.70023195
  -1072.23825616
  -1072.23825616
  -1072.23825616
  -1072.23825616
  -1072.23825616
   -306.92237092
   -306.92237092
   -306.92237092
   -306.92237092
   -209.53608384
   -633.74417060
   -633.74417060
   -480.48773845
   -476.01887342
   -433.10896355
