1
800
 121.06053    6.60762    1.95381
 122.24761    6.59325    1.94442
 123.43468    6.57880    1.93488
 124.62176    6.56428    1.92520
 125.80884    6.54969    1.91537
 126.99591    6.53502    1.90539
 128.18299    6.52028    1.89525
 129.37007    6.50546    1.88495
 130.55714    6.49056    1.87448
 131.74422    6.47559    1.86385
 132.93130    6.46054    1.85305
 134.11837    6.44541    1.84207
 135.30545    6.43020    1.83091
 136.49253    6.41492    1.81956
 137.67960    6.39956    1.80803
 138.86668    6.38411    1.79630
 140.05376    6.36859    1.78437
 141.24083    6.35299    1.77224
 142.42791    6.33731    1.75989
 143.61499    6.32154    1.74733
 144.80206    6.30570    1.73455
 145.98914    6.28977    1.72154
 147.17622    6.27376    1.70830
 148.36329    6.25767    1.69481
 149.55037    6.24150    1.68107
 150.73745    6.22524    1.66708
 151.92452    6.20890    1.65282
 153.11160    6.19248    1.63829
 154.29868    6.17597    1.62347
 155.48575    6.15937    1.60837
 156.67283    6.14269    1.59296
 157.85991    6.12592    1.57724
 159.04698    6.10907    1.56120
 160.23406    6.09213    1.54482
 161.42114    6.07510    1.52809
 162.60821    6.05799    1.51101
 163.79529    6.04079    1.49354
 164.98237    6.02349    1.47569
 166.16944    6.00611    1.45743
 167.35652    5.98864    1.43875
 168.54360    5.97108    1.41962
 169.73067    5.95343    1.40004
 170.91775    5.93569    1.37996
 172.10483    5.91785    1.35938
 173.29190    5.89993    1.33827
 174.47898    5.88191    1.31659
 175.66606    5.86380    1.29432
 176.85313    5.84560    1.27142
 178.04021    5.82730    1.24786
 179.22729    5.80891    1.22359
 180.41436    5.79042    1.19858
 181.60144    5.77184    1.17277
 182.78852    5.75316    1.14609
 183.97559    5.73438    1.11850
 185.16267    5.71551    1.08991
 186.34975    5.69654    1.06025
 187.53682    5.67679    1.02265
 188.72390    5.65662    0.97963
 189.91098    5.63652    0.93596
 191.09805    5.61650    0.89176
 192.28513    5.59658    0.84722
 193.47221    5.57677    0.80256
 194.65928    5.55709    0.75810
 195.84636    5.53756    0.71427
 197.03344    5.51926    0.67091
 198.22051    5.50593    0.62531
 199.40759    5.49200    0.58323
 200.59467    5.47794    0.55464
 201.78174    5.46385    0.54248
 202.96882    5.44902    0.53448
 204.15590    5.43326    0.52818
 205.34297    5.41641    0.52238
 206.53005    5.39828    0.51651
 207.71713    5.36271    0.50718
 208.90420    5.32245    0.49605
 210.09128    5.28260    0.48713
 211.27836    5.23908    0.49326
 212.46543    5.19628    0.50152
 213.65251    5.15525    0.50715
 214.83959    5.11596    0.50723
 216.02666    5.07994    0.50587
 217.21374    5.04556    0.50188
 218.40081    5.01177    0.49336
 219.58789    4.98645    0.48439
 220.77497    4.98148    0.48507
 221.96204    4.99492    0.49363
 223.14912    5.01683    0.50130
 224.33620    5.05095    0.50379
 225.52327    5.09312    0.50392
 226.71035    5.14170    0.50239
 227.89743    5.18867    0.49566
 229.08450    5.24233    0.48690
 230.27158    5.30547    0.48134
 231.45866    5.38214    0.48916
 232.64573    5.46705    0.49761
 233.83281    5.55029    0.50268
 235.01989    5.62380    0.50365
 236.20696    5.70099    0.50291
 237.39404    5.78731    0.49877
 238.58112    5.88292    0.49053
 239.76819    5.98179    0.48218
 240.95527    6.08941    0.48531
 242.14235    6.20271    0.49405
 243.32942    6.31820    0.50151
 244.51650    6.42701    0.50337
 245.70358    6.53505    0.50338
 246.89065    6.64210    0.50163
 248.07773    6.74544    0.49422
 249.26481    6.84657    0.48548
 250.45188    6.94134    0.48202
 251.63896    7.02560    0.49032
 252.82604    7.10669    0.49858
 254.01311    7.18075    0.50283
 255.20019    7.24787    0.50358
 256.38727    7.31283    0.50262
 257.57434    7.37530    0.49766
 258.76142    7.43594    0.48923
 259.94850    7.49571    0.48130
 261.13557    7.55629    0.48653
 262.32265    7.61659    0.49524
 263.50973    7.67727    0.50201
 264.69680    7.74906    0.50346
 265.88388    7.82160    0.50323
 267.07096    7.89451    0.50071
 268.25803    7.96665    0.49299
 269.44511    8.03988    0.48428
 270.63219    8.11468    0.48302
 271.81926    8.19120    0.49158
 273.00634    8.26882    0.49961
 274.19342    8.34578    0.50304
 275.38049    8.42261    0.50354
 276.56757    8.50012    0.50235
 277.75465    8.57946    0.49655
 278.94172    8.65981    0.48795
 280.12880    8.74106    0.48075
 281.31588    8.82453    0.48779
 282.50295    8.90888    0.49640
 283.69003    8.99345    0.50231
 284.87711    9.07739    0.50354
 286.06418    9.16143    0.50306
 287.25126    9.24823    0.49974
 288.43834    9.34008    0.49175
 289.62541    9.43040    0.48316
 290.81249    9.51827    0.48413
 291.99957    9.60375    0.49283
 293.18664    9.68742    0.50058
 294.37372    9.76758    0.50321
 295.56080    9.84519    0.50347
 296.74787    9.92047    0.50205
 297.93495   10.01211    0.49539
 299.12203   10.09998    0.48669
 300.30910   10.17916    0.48120
 301.49618   10.24481    0.48906
 302.68326   10.30258    0.49752
 303.87033   10.35396    0.50259
 305.05741   10.39964    0.50357
 306.24449   10.43847    0.50285
 307.43156   10.46210    0.49872
 308.61864   10.46993    0.49048
 309.80572   10.46974    0.48214
 310.99279   10.44810    0.48531
 312.17987   10.41230    0.49406
 313.36695   10.37051    0.50151
 314.55402   10.33371    0.50336
 315.74110   10.29572    0.50337
 316.92818   10.25743    0.50161
 318.11525   10.22804    0.49420
 319.30233   10.19943    0.48546
 320.48941   10.17775    0.48203
 321.67648   10.16903    0.49033
 322.86356   10.16260    0.49859
 324.05064   10.16897    0.50283
 325.23771   10.18837    0.50358
 326.42479   10.20958    0.50262
 327.61187   10.21843    0.49765
 328.79894   10.22134    0.48921
 329.98602   10.22666    0.48129
 331.17310   10.22828    0.48655
 332.36017   10.23098    0.49525
 333.54725   10.23553    0.50201
 334.73433   10.22705    0.50346
 335.92140   10.22136    0.50323
 337.10848   10.22418    0.50070
 338.29556   10.25275    0.49298
 339.48263   10.28401    0.48427
 340.66971   10.32794    0.48303
 341.85679   10.38721    0.49160
 343.04386   10.44917    0.49962
 344.23094   10.51787    0.50304
 345.41802   10.58956    0.50354
 346.60509   10.65991    0.50235
 347.79217   10.70102    0.49653
 348.97925   10.73290    0.48793
 350.16632   10.76069    0.48075
 351.35340   10.76546    0.48780
 352.54048   10.76617    0.49641
 353.72755   10.76214    0.50232
 354.91463   10.74115    0.50354
 356.10171   10.72179    0.50306
 357.28878   10.71024    0.49972
 358.47586   10.71255    0.49173
 359.66294   10.72206    0.48314
 360.85001   10.75846    0.48415
 362.03709   10.81822    0.49285
 363.22417   10.88488    0.50060
 364.41124   10.97979    0.50322
 365.59832   11.08591    0.50347
 366.78540   11.19662    0.50205
 367.97247   11.31636    0.49537
 369.15955   11.43778    0.48667
 370.34663   11.55611    0.48121
 371.53370   11.66334    0.48908
 372.72078   11.76869    0.49753
 373.90786   11.85894    0.50259
 375.09493   11.92218    0.50357
 376.28201   11.98084    0.50285
 377.46909   12.04143    0.49870
 378.65616   12.10350    0.49046
 379.84324   12.15836    0.48213
 381.03032   12.20199    0.48533
 382.21739   12.23648    0.49407
 383.40447   12.26414    0.50152
 384.59155   12.30013    0.50336
 385.77862   12.33231    0.50337
 386.96570   12.36024    0.50160
 388.15278   12.39443    0.49418
 389.33985   12.42081    0.48544
 390.52693   12.43449    0.48204
 391.71401   12.43071    0.49035
 392.90108   12.41809    0.49861
 394.08816   12.40178    0.50283
 395.27524   12.38263    0.50358
 396.46231   12.35768    0.50261
 397.64939   12.32658    0.49763
 398.83647   12.28902    0.48919
 400.02354   12.24372    0.48128
 401.21062   12.18254    0.48656
 402.39770   12.11204    0.49527
 403.58477   12.03691    0.50202
 404.77185   11.97075    0.50347
 405.95892   11.90187    0.50323
 407.14600   11.83116    0.50068
 408.33308   11.76069    0.49296
 409.52015   11.68779    0.48425
 410.70723   11.61275    0.48305
 411.89431   11.53570    0.49162
 413.08138   11.45648    0.49964
 414.26846   11.38397    0.50304
 415.45554   11.31502    0.50354
 416.64261   11.24549    0.50234
 417.82969   11.15464    0.49651
 419.01677   11.05948    0.48792
 420.20384   10.96718    0.48075
 421.39092   10.87575    0.48782
 422.57800   10.78766    0.49643
 423.76507   10.70367    0.50232
 424.95215   10.62416    0.50354
 426.13923   10.55011    0.50306
 427.32630   10.47882    0.49971
 428.51338   10.40861    0.49171
 429.70046   10.35051    0.48313
 430.88753   10.31982    0.48416
 432.07461   10.31375    0.49287
 433.26169   10.31965    0.50061
 434.44876   10.33818    0.50322
 435.63584   10.36653    0.50347
 436.82292   10.40361    0.50204
 438.00999   10.46723    0.49536
 439.19707   10.53911    0.48666
 440.38415   10.61918    0.48122
 441.57122   10.71302    0.48910
 442.75830   10.81260    0.49755
 443.94538   10.90442    0.50259
 445.13245   10.97790    0.50357
 446.31953   11.04932    0.50285
 447.50661   11.12092    0.49869
 448.69368   11.19127    0.49045
 449.88076   11.25398    0.48211
 451.06784   11.29597    0.48535
 452.25491   11.32385    0.49409
 453.44199   11.34486    0.50153
 454.62907   11.34861    0.50336
 455.81614   11.34550    0.50337
 457.00322   11.33627    0.50158
 458.19030   11.31759    0.49416
 459.37737   11.29340    0.48542
 460.56445   11.26162    0.48206
 461.75153   11.22018    0.49037
 462.93860   11.17351    0.49862
 464.12568   11.13436    0.50283
 465.31276   11.10412    0.50358
 466.49983   11.07330    0.50261
 467.68691   11.04116    0.49761
 468.87399   11.00857    0.48917
 470.06106   10.97684    0.48127
 471.24814   10.94869    0.48658
 472.43522   10.92215    0.49529
 473.62229   10.89700    0.50202
 474.80937   10.87916    0.50347
 475.99645   10.86264    0.50323
 477.18352   10.84628    0.50067
 478.37060   10.82658    0.49294
 479.55768   10.80914    0.48423
 480.74475   10.79470    0.48307
 481.93183   10.78350    0.49164
 483.11891   10.77464    0.49965
 484.30598   10.76520    0.50304
 485.49306   10.75619    0.50354
 486.68014   10.74899    0.50234
 487.86721   10.74745    0.49650
 489.05429   10.74884    0.48790
 490.24137   10.75279    0.48075
 491.42844   10.76343    0.48784
 492.61552   10.77653    0.49645
 493.80260   10.79055    0.50232
 494.98967   10.80399    0.50354
 496.17675   10.81777    0.50305
 497.36383   10.83101    0.49970
 498.55090   10.84287    0.49169
 499.73798   10.85416    0.48311
 500.92506   10.86212    0.48418
 502.11213   10.86724    0.49288
 503.29921   10.87178    0.50063
 504.48629   10.87070    0.50322
 505.67336   10.86769    0.50347
 506.86044   10.86407    0.50204
 508.04752   10.86592    0.49534
 509.23459   10.86729    0.48664
 510.42167   10.86788    0.48123
 511.60875   10.86867    0.48911
 512.79582   10.86837    0.49757
 513.98290   10.86877    0.50260
 515.16998   10.87134    0.50357
 516.35705   10.87285    0.50284
 517.54413   10.87102    0.49867
 518.73121   10.86563    0.49043
 519.91828   10.85841    0.48210
 521.10536   10.84513    0.48537
 522.29244   10.82806    0.49411
 523.47951   10.80966    0.50155
 524.66659   10.78854    0.50336
 525.85367   10.76667    0.50336
 527.04074   10.74352    0.50157
 528.22782   10.69808    0.49415
 529.41490   10.65653    0.48540
 530.60197   10.62067    0.48207
 531.78905   10.59222    0.49039
 532.97613   10.56878    0.49864
 534.16320   10.55412    0.50284
 535.35028   10.54873    0.50358
 536.53736   10.54980    0.50260
 537.72443   10.57357    0.49760
 538.91151   10.61278    0.48915
 540.09859   10.65963    0.48125
 541.28566   10.73026    0.48660
 542.47274   10.81159    0.49530
 543.65982   10.89661    0.50203
 544.84689   10.97940    0.50347
 546.03397   11.06232    0.50322
 547.22105   11.14841    0.50065
 548.40812   11.24962    0.49292
 549.59520   11.34209    0.48421
 550.78228   11.41375    0.48308
 551.96935   11.46123    0.49165
 553.15643   11.49812    0.49967
 554.34351   11.50879    0.50305
 555.53058   11.50027    0.50354
 556.71766   11.48068    0.50233
 557.90474   11.42703    0.49648
 559.09181   11.35741    0.48788
 560.27889   11.27641    0.48074
 561.46597   11.16831    0.48786
 562.65304   11.04984    0.49646
 563.84012   10.93229    0.50233
 565.02720   10.83366    0.50354
 566.21427   10.73638    0.50305
 567.40135   10.64114    0.49968
 568.58843   10.54919    0.49167
 569.77550   10.46549    0.48310
 570.96258   10.40702    0.48420
 572.14966   10.37061    0.49290
 573.33673   10.34253    0.50064
 574.52381   10.34154    0.50322
 575.71089   10.35295    0.50347
 576.89796   10.37159    0.50203
 578.08504   10.43183    0.49532
 579.27212   10.49699    0.48662
 580.45919   10.56257    0.48124
 581.64627   10.62915    0.48913
 582.83335   10.69452    0.49758
 584.02042   10.74488    0.50260
 585.20750   10.76915    0.50358
 586.39458   10.78500    0.50284
 587.58165   10.78446    0.49866
 588.76873   10.76601    0.49041
 589.95581   10.73343    0.48209
 591.14288   10.66181    0.48539
 592.32996   10.56455    0.49413
 593.51704   10.45603    0.50156
 594.70411   10.33699    0.50336
 595.89119   10.21133    0.50336
 597.07826   10.07981    0.50156
 598.26534    9.92691    0.49413
 599.45242    9.77471    0.48539
 600.63949    9.62886    0.48209
 601.82657    9.49467    0.49041
 603.01365    9.36371    0.49866
 604.20072    9.25792    0.50284
 605.38780    9.17845    0.50358
 606.57488    9.10651    0.50260
 607.76195    9.03871    0.49758
 608.94903    8.97792    0.48913
 610.13611    8.92911    0.48124
 611.32318    8.90519    0.48662
 612.51026    8.89588    0.49532
 613.69734    8.89469    0.50203
 614.88441    8.88746    0.50347
 616.07149    8.88605    0.50322
 617.25857    8.89479    0.50064
 618.44564    8.92786    0.49290
 619.63272    8.96286    0.48420
 620.81980    9.00217    0.48310
 622.00687    9.04608    0.49167
 623.19395    9.09082    0.49968
 624.38103    9.12131    0.50305
 625.56810    9.14187    0.50354
 626.75518    9.15798    0.50233
 627.94226    9.16580    0.49646
 629.12933    9.16610    0.48786
 630.31641    9.15557    0.48074
 631.50349    9.11695    0.48788
 632.69056    9.06748    0.49648
 633.87764    9.00979    0.50233
 635.06472    8.94165    0.50354
 636.25179    8.86854    0.50305
 637.43887    8.79007    0.49967
 638.62595    8.70601    0.49165
 639.81302    8.61949    0.48308
 641.00010    8.53289    0.48421
 642.18718    8.44604    0.49292
 643.37425    8.35742    0.50065
 644.56133    8.28946    0.50322
 645.74841    8.22771    0.50347
 646.93548    8.16752    0.50203
 648.12256    8.08544    0.49530
 649.30964    8.00620    0.48660
 650.49671    7.93371    0.48125
 651.68379    7.86991    0.48915
 652.87087    7.81280    0.49760
 654.05794    7.76067    0.50260
 655.24502    7.71250    0.50358
 656.43210    7.67106    0.50284
 657.61917    7.63776    0.49864
 658.80625    7.61386    0.49039
 659.99333    7.60152    0.48207
 661.18040    7.61757    0.48540
 662.36748    7.65292    0.49415
 663.55456    7.69801    0.50157
 664.74163    7.74729    0.50336
 665.92871    7.80258    0.50336
 667.11579    7.86372    0.50155
 668.30286    7.94005    0.49411
 669.48994    8.01903    0.48537
 670.67702    8.09980    0.48210
 671.86409    8.18154    0.49043
 673.05117    8.26478    0.49867
 674.23825    8.33381    0.50284
 675.42532    8.38758    0.50357
 676.61240    8.43845    0.50260
 677.79948    8.47895    0.49757
 678.98655    8.51245    0.48911
 680.17363    8.54241    0.48123
 681.36071    8.56122    0.48664
 682.54778    8.57510    0.49534
 683.73486    8.58720    0.50204
 684.92194    8.59972    0.50347
 686.10901    8.61210    0.50322
 687.29609    8.62275    0.50063
 688.48317    8.62579    0.49288
 689.67024    8.63292    0.48418
 690.85732    8.64967    0.48311
 692.04440    8.67754    0.49169
 693.23147    8.71037    0.49970
 694.41855    8.75558    0.50305
 695.60563    8.80980    0.50354
 696.79270    8.86931    0.50232
 697.97978    8.94125    0.49645
 699.16686    9.02023    0.48784
 700.35393    9.10561    0.48075
 701.54101    9.20524    0.48790
 702.72809    9.31084    0.49650
 703.91516    9.41715    0.50234
 705.10224    9.51605    0.50354
 706.28932    9.61559    0.50304
 707.47639    9.71256    0.49965
 708.66347    9.80428    0.49164
 709.85055    9.89560    0.48307
 711.03762    9.98129    0.48423
 712.22470   10.06245    0.49294
 713.41178   10.14331    0.50067
 714.59885   10.21414    0.50323
 715.78593   10.28226    0.50347
 716.97301   10.35024    0.50202
 718.16008   10.42286    0.49529
 719.34716   10.49632    0.48658
 720.53424   10.57224    0.48127
 721.72131   10.65493    0.48917
 722.90839   10.73895    0.49761
 724.09547   10.82722    0.50261
 725.28254   10.92228    0.50358
 726.46962   11.01811    0.50283
 727.65670   11.12965    0.49862
 728.84377   11.25499    0.49037
 730.03085   11.37485    0.48206
 731.21793   11.48582    0.48542
 732.40500   11.58918    0.49416
 733.59208   11.68622    0.50158
 734.77916   11.76824    0.50337
 735.96623   11.84195    0.50336
 737.15331   11.90708    0.50153
 738.34039   11.96550    0.49409
 739.52746   12.01110    0.48535
 740.71454   12.03234    0.48211
 741.90162   12.01869    0.49045
 743.08869   11.99030    0.49869
 744.27577   11.95357    0.50285
 745.46285   11.91022    0.50357
 746.64992   11.85889    0.50259
 747.83700   11.80553    0.49755
 749.02408   11.74743    0.48910
 750.21115   11.68085    0.48122
 751.39823   11.60365    0.48666
 752.58531   11.51792    0.49536
 753.77238   11.42840    0.50204
 754.95946   11.36427    0.50347
 756.14654   11.29746    0.50322
 757.33361   11.22560    0.50061
 758.52069   11.14183    0.49287
 759.70777   11.05596    0.48416
 760.89484   10.96410    0.48313
 762.08192   10.86546    0.49171
 763.26900   10.76497    0.49971
 764.45607   10.66624    0.50306
 765.64315   10.56893    0.50354
 766.83023   10.47241    0.50232
 768.01730   10.37837    0.49643
 769.20438   10.28673    0.48782
 770.39146   10.19921    0.48075
 771.57853   10.12387    0.48792
 772.76561   10.05273    0.49651
 773.95269    9.98621    0.50234
 775.13976    9.92897    0.50354
 776.32684    9.87412    0.50304
 777.51392    9.81681    0.49964
 778.70099    9.75337    0.49162
 779.88807    9.69347    0.48305
 781.07515    9.63628    0.48425
 782.26222    9.58202    0.49296
 783.44930    9.53138    0.50068
 784.63638    9.47406    0.50323
 785.82345    9.41716    0.50347
 787.01053    9.36314    0.50202
 788.19760    9.29757    0.49527
 789.38468    9.23709    0.48656
 790.57176    9.18716    0.48128
 791.75883    9.15509    0.48919
 792.94591    9.13183    0.49763
 794.13299    9.11642    0.50261
 795.32006    9.10887    0.50358
 796.50714    9.10823    0.50283
 797.69422    9.11523    0.49861
 798.88129    9.13048    0.49035
 800.06837    9.15507    0.48204
 801.25545    9.19958    0.48544
 802.44252    9.25804    0.49418
 803.62960    9.32437    0.50160
 804.81668    9.38264    0.50337
 806.00375    9.44434    0.50336
 807.19083    9.51029    0.50152
 808.37791    9.59687    0.49407
 809.56498    9.68328    0.48533
 810.75206    9.76879    0.48213
 811.93914    9.85272    0.49046
 813.12621    9.93541    0.49870
 814.31329   10.00669    0.50285
 815.50037   10.06586    0.50357
 816.68744   10.12042    0.50259
 817.87452   10.16663    0.49753
 819.06160   10.20522    0.48908
 820.24867   10.23573    0.48121
 821.43575   10.24507    0.48667
 822.62283   10.24374    0.49537
 823.80990   10.23679    0.50205
 824.99698   10.22659    0.50347
 826.18406   10.21298    0.50322
 827.37113   10.19759    0.50060
 828.55821   10.18388    0.49285
 829.74529   10.16788    0.48415
 830.93236   10.15211    0.48314
 832.11944   10.13721    0.49173
 833.30652   10.12052    0.49972
 834.49359   10.11589    0.50306
 835.68067   10.11766    0.50354
 836.86775   10.11937    0.50232
 838.05482   10.09875    0.49641
 839.24190   10.07423    0.48780
 840.42898   10.05252    0.48075
 841.61605   10.03024    0.48793
 842.80313   10.01126    0.49653
 843.99021    9.99538    0.50235
 845.17728    9.98026    0.50354
 846.36436    9.97043    0.50304
 847.55144    9.97627    0.49962
 848.73851   10.00612    0.49160
 849.92559   10.04243    0.48303
 851.11267   10.10123    0.48427
 852.29974   10.17863    0.49298
 853.48682   10.26119    0.50070
 854.67390   10.35081    0.50323
 855.86097   10.44269    0.50346
 857.04805   10.53438    0.50201
 858.23513   10.61923    0.49525
 859.42220   10.70021    0.48655
 860.60928   10.77029    0.48129
 861.79636   10.81459    0.48921
 862.98343   10.85191    0.49765
 864.17051   10.87330    0.50262
 865.35759   10.87102    0.50358
 866.54466   10.86372    0.50283
 867.73174   10.85754    0.49859
 868.91882   10.85262    0.49033
 870.10589   10.84354    0.48203
 871.29297   10.83409    0.48546
 872.48005   10.82246    0.49420
 873.66712   10.80672    0.50161
 874.85420   10.81645    0.50337
 876.04128   10.82603    0.50336
 877.22835   10.83361    0.50151
 878.41543   10.82851    0.49406
 879.60251   10.82222    0.48531
 880.78958   10.81072    0.48214
 881.97666   10.79046    0.49048
 883.16374   10.76850    0.49872
 884.35081   10.74285    0.50285
 885.53789   10.71415    0.50357
 886.72497   10.68565    0.50259
 887.91204   10.65774    0.49752
 889.09912   10.63139    0.48906
 890.28620   10.60847    0.48120
 891.47327   10.59714    0.48669
 892.66035   10.59108    0.49539
 893.84743   10.58879    0.50205
 895.03450   10.59949    0.50347
 896.22158   10.61306    0.50321
 897.40866   10.63269    0.50058
 898.59573   10.66799    0.49283
 899.78281   10.70290    0.48413
 900.96989   10.73731    0.48316
 902.15696   10.77101    0.49175
 903.34404   10.80350    0.49974
 904.53112   10.82570    0.50306
 905.71819   10.84057    0.50354
 906.90527   10.85144    0.50231
 908.09235   10.85421    0.49640
 909.27942   10.85076    0.48779
 910.46650   10.83917    0.48075
 911.65358   10.80731    0.48795
 912.84065   10.76756    0.49655
 914.02773   10.72283    0.50235
 915.21481   10.67403    0.50354
 916.40188   10.62216    0.50304
 917.58896   10.56095    0.49961
 918.77604   10.48608    0.49158
 919.96311   10.41292    0.48302
 921.15019   10.34438    0.48428
 922.33727   10.28020    0.49299
 923.52434   10.21870    0.50071
 924.71142   10.17608    0.50323
 925.89850   10.14199    0.50346
 927.08557   10.11367    0.50201
 928.27265   10.10623    0.49524
 929.45973   10.10575    0.48653
 930.64680   10.11570    0.48130
 931.83388   10.14642    0.48923
 933.02096   10.18402    0.49766
 934.20803   10.22363    0.50262
 935.39511   10.26244    0.50358
 936.58219   10.30218    0.50283
 937.76926   10.33806    0.49858
 938.95634   10.36941    0.49032
 940.14342   10.39863    0.48202
 941.33049   10.41526    0.48548
 942.51757   10.42489    0.49422
 943.70465   10.43318    0.50163
 944.89172   10.41963    0.50338
 946.07880   10.40331    0.50337
 947.26588   10.38521    0.50151
 948.45295   10.36225    0.49405
 949.64003   10.33984    0.48531
 950.82711   10.32108    0.48218
 952.01418   10.30870    0.49053
 953.20126   10.29792    0.49877
 954.38834   10.29766    0.50291
 955.57541   10.30785    0.50365
 956.76249   10.32083    0.50268
 957.94957   10.34240    0.49761
 959.13664   10.36930    0.48916
 960.32372   10.39811    0.48134
 961.51080   10.43165    0.48690
 962.69787   10.46739    0.49566
 963.88495   10.50310    0.50239
 965.07203   10.53128    0.50392
 966.25910   10.55846    0.50379
 967.44618   10.58013    0.50130
 968.63326   10.58430    0.49363
 969.82033   10.58889    0.48507
 971.00741   10.58966    0.48439
 972.19449   10.58588    0.49336
 973.38156   10.58282    0.50188
 974.56864   10.57840    0.50587
 975.75571   10.57467    0.50723
 976.94279   10.57378    0.50715
 978.12987   10.59281    0.50152
 979.31694   10.61925    0.49326
 980.50402   10.65142    0.48713
 981.69110   10.70357    0.49605
 982.87817   10.76097    0.50718
 984.06525   10.82253    0.51651
 985.25233   10.89232    0.52238
 986.43940   10.96229    0.52818
 987.62648   11.03130    0.53448
 988.81356   11.09797    0.54248
 990.00063   11.15994    0.55464
 991.18771   11.20511    0.58323
 992.37479   11.23610    0.62531
 993.56186   11.26232    0.67091
 994.74894   11.26622    0.71427
 995.93602   11.26127    0.75810
 997.12309   11.25172    0.80256
 998.31017   11.23797    0.84722
 999.49725   11.22036    0.89176
1000.68432   11.19914    0.93596
1001.87140   11.17452    0.97963
1003.05848   11.14667    1.02265
1004.24555   11.12498    1.06025
1005.43263   11.11611    1.08991
1006.61971   11.10728    1.11850
1007.80678   11.09850    1.14609
1008.99386   11.08977    1.17277
1010.18094   11.08108    1.19858
1011.36801   11.07243    1.22359
1012.55509   11.06383    1.24786
1013.74217   11.05527    1.27142
1014.92924   11.04676    1.29432
1016.11632   11.03829    1.31659
1017.30340   11.02986    1.33827
1018.49047   11.02148    1.35938
1019.67755   11.01314    1.37996
1020.86463   11.00484    1.40004
1022.05170   10.99659    1.41962
1023.23878   10.98837    1.43875
1024.42586   10.98020    1.45743
1025.61293   10.97208    1.47569
1026.80001   10.96399    1.49354
1027.98709   10.95594    1.51101
1029.17416   10.94794    1.52809
1030.36124   10.93998    1.54482
1031.54832   10.93205    1.56120
1032.73539   10.92417    1.57724
1033.92247   10.91633    1.59296
1035.10955   10.90853    1.60837
1036.29662   10.90077    1.62347
1037.48370   10.89305    1.63829
1038.67078   10.88537    1.65282
1039.85785   10.87772    1.66708
1041.04493   10.87012    1.68107
1042.23201   10.86256    1.69481
1043.41908   10.85503    1.70830
1044.60616   10.84755    1.72154
1045.79324   10.84010    1.73455
1046.98031   10.83269    1.74733
1048.16739   10.82532    1.75989
1049.35447   10.81798    1.77224
1050.54154   10.81068    1.78437
1051.72862   10.80343    1.79630
1052.91570   10.79620    1.80803
1054.10277   10.78902    1.81956
1055.28985   10.78187    1.83091
1056.47693   10.77476    1.84207
1057.66400   10.76768    1.85305
1058.85108   10.76065    1.86385
1060.03816   10.75364    1.87448
1061.22523   10.74668    1.88495
1062.41231   10.73975    1.89525
1063.59939   10.73285    1.90539
1064.78646   10.72599    1.91537
1065.97354   10.71917    1.92520
1067.16062   10.71238    1.93488
1068.34769   10.70562    1.94442
1069.53477   10.69890    1.95381
