3
439
 200.10005    5.54432    0.50000
 201.10055    5.54295    0.50000
 202.10105    5.40563    0.50000
 203.10155    4.91641    0.50000
 204.10205    6.44957    0.50000
 205.10255    6.97254    0.50000
 206.10305    5.10720    0.50000
 207.10355    5.08626    0.50000
 208.10405    4.88905    0.50000
 209.10455    5.99452    0.50000
 210.10505    6.16642    0.50000
 211.10555    5.80347    0.50000
 212.10605    4.71543    0.50000
 213.10655    5.20081    0.50000
 214.10705    4.75895    0.50000
 215.10755    4.66193    0.50000
 216.10805    5.78214    0.50000
 217.10855    4.97279    0.50000
 218.10905    5.13090    0.50000
 219.10955    4.04293    0.50000
 220.11006    4.42314    0.50000
 221.11056    4.72986    0.50000
 222.11106    4.56263    0.50000
 223.11156    5.79280    0.50000
 224.11206    5.36522    0.50000
 225.11256    4.70667    0.50000
 226.11306    4.89544    0.50000
 227.11356    4.78440    0.50000
 228.11406    5.84115    0.50000
 229.11456    4.73796    0.50000
 230.11506    4.30096    0.50000
 231.11556    4.94073    0.50000
 232.11606    4.49676    0.50000
 233.11656    3.86419    0.50000
 234.11706    5.31773    0.50000
 235.11756    4.67675    0.50000
 236.11806    6.05868    0.50000
 237.11856    6.57831    0.50000
 238.11906    6.08780    0.50000
 239.11956    5.98961    0.50000
 240.12006    6.56322    0.50000
 241.12056    6.38296    0.50000
 242.12106    6.19460    0.50000
 243.12156    6.54341    0.50000
 244.12206    5.36432    0.50000
 245.12256    6.24948    0.50000
 246.12306    6.28626    0.50000
 247.12356    7.02201    0.50000
 248.12406    7.21703    0.50000
 249.12456    5.98757    0.50000
 250.12506    6.70525    0.50000
 251.12556    7.63554    0.50000
 252.12606    5.96315    0.50000
 253.12656    7.84822    0.50000
 254.12706    8.39116    0.50000
 255.12756    7.78491    0.50000
 256.12806    7.94783    0.50000
 257.12856    8.52811    0.50000
 258.12906    7.72412    0.50000
 259.12956    6.67670    0.50000
 260.13007    8.40699    0.50000
 261.13057    8.55745    0.50000
 262.13107    7.86773    0.50000
 263.13157    8.77636    0.50000
 264.13207    8.39348    0.50000
 265.13257    7.81094    0.50000
 266.13307    8.43799    0.50000
 267.13357    7.17301    0.50000
 268.13407    8.01535    0.50000
 269.13457    8.72673    0.50000
 270.13507    7.64499    0.50000
 271.13557    8.94393    0.50000
 272.13607    8.11116    0.50000
 273.13657    8.78095    0.50000
 274.13707    8.07520    0.50000
 275.13757    9.76069    0.50000
 276.13807    9.87390    0.50000
 277.13857    8.95502    0.50000
 278.13907    8.16137    0.50000
 279.13957    8.80849    0.50000
 280.14007    9.01450    0.50000
 281.14057    7.72974    0.50000
 282.14107    7.56265    0.50000
 283.14157    8.69020    0.50000
 284.14207    7.25444    0.50000
 285.14257    7.31223    0.50000
 286.14307    7.51685    0.50000
 287.14357    8.33694    0.50000
 288.14407    8.34067    0.50000
 289.14457    8.59257    0.50000
 290.14507    9.79343    0.50000
 291.14557    9.55748    0.50000
 292.14607    9.21125    0.50000
 293.14657    9.47927    0.50000
 294.14707   10.58220    0.50000
 295.14757    9.47163    0.50000
 296.14807    9.51874    0.50000
 297.14857   10.60383    0.50000
 298.14907   10.12078    0.50000
 299.14957   10.48605    0.50000
 300.15008   10.88345    0.50000
 301.15058   10.92088    0.50000
 302.15108   10.52193    0.50000
 303.15158   10.83422    0.50000
 304.15208   10.06806    0.50000
 305.15258   10.65658    0.50000
 306.15308   10.42564    0.50000
 307.15358    9.97401    0.50000
 308.15408   10.72077    0.50000
 309.15458   11.18873    0.50000
 310.15508   11.24586    0.50000
 311.15558   10.68116    0.50000
 312.15608   11.27492    0.50000
 313.15658   11.54115    0.50000
 314.15708   10.57688    0.50000
 315.15758   10.60243    0.50000
 316.15808   10.26590    0.50000
 317.15858   10.75509    0.50000
 318.15908    9.58271    0.50000
 319.15958   10.08360    0.50000
 320.16008    9.87191    0.50000
 321.16058    9.18552    0.50000
 322.16108    9.36375    0.50000
 323.16158   10.80033    0.50000
 324.16208    9.88439    0.50000
 325.16258   10.18933    0.50000
 326.16308   10.47759    0.50000
 327.16358   11.00791    0.50000
 328.16408   10.78790    0.50000
 329.16458   11.24413    0.50000
 330.16508   10.04549    0.50000
 331.16558   10.78100    0.50000
 332.16608   11.13329    0.50000
 333.16658   11.47245    0.50000
 334.16708    9.94569    0.50000
 335.16758   11.01465    0.50000
 336.16808    9.56191    0.50000
 337.16858   11.59776    0.50000
 338.16908   10.69277    0.50000
 339.16958   11.56356    0.50000
 340.17009   10.62686    0.50000
 341.17059   11.10741    0.50000
 342.17109   11.08138    0.50000
 343.17159   11.41038    0.50000
 344.17209   11.16695    0.50000
 345.17259   10.49947    0.50000
 346.17309   10.97508    0.50000
 347.17359    9.93274    0.50000
 348.17409   11.17427    0.50000
 349.17459   11.40811    0.50000
 350.17509   11.23694    0.50000
 351.17559   10.86166    0.50000
 352.17609   10.99561    0.50000
 353.17659   11.13107    0.50000
 354.17709   10.84112    0.50000
 355.17759   10.57940    0.50000
 356.17809   10.51393    0.50000
 357.17859   10.84648    0.50000
 358.17909    9.69712    0.50000
 359.17959    9.59751    0.50000
 360.18009    9.26880    0.50000
 361.18059   11.23437    0.50000
 362.18109   10.39580    0.50000
 363.18159    9.99835    0.50000
 364.18209   11.23245    0.50000
 365.18259   11.53632    0.50000
 366.18309   11.78682    0.50000
 367.18359   11.96866    0.50000
 368.18409   12.62357    0.50000
 369.18459   11.93947    0.50000
 370.18509   11.88436    0.50000
 371.18559   12.37182    0.50000
 372.18609   12.61866    0.50000
 373.18659   11.68320    0.50000
 374.18709   11.47060    0.50000
 375.18759   11.59400    0.50000
 376.18809   11.44549    0.50000
 377.18859   11.70119    0.50000
 378.18909   11.51969    0.50000
 379.18959   10.92781    0.50000
 560.28014   11.07821    0.50000
 561.28064   10.60564    0.50000
 562.28114   11.01208    0.50000
 563.28164   11.03215    0.50000
 564.28214   11.10903    0.50000
 565.28264   10.61617    0.50000
 566.28314   10.69926    0.50000
 567.28364   10.59254    0.50000
 568.28414    9.84484    0.50000
 569.28464   10.50248    0.50000
 570.28514    9.81023    0.50000
 571.28564   10.06372    0.50000
 572.28614   10.42806    0.50000
 573.28664    9.60208    0.50000
 574.28714   11.35049    0.50000
 575.28764   11.15103    0.50000
 576.28814   10.39173    0.50000
 577.28864   10.27538    0.50000
 578.28914   10.35130    0.50000
 579.28964   10.94574    0.50000
 580.29015   11.35959    0.50000
 581.29065   11.62402    0.50000
 582.29115   11.02691    0.50000
 583.29165   11.07460    0.50000
 584.29215    9.85215    0.50000
 585.29265   11.37998    0.50000
 586.29315   11.53278    0.50000
 587.29365   12.37538    0.50000
 588.29415   10.82016    0.50000
 589.29465   10.69942    0.50000
 590.29515   10.83237    0.50000
 591.29565   11.61268    0.50000
 592.29615   10.53018    0.50000
 593.29665   11.90390    0.50000
 594.29715   11.71772    0.50000
 595.29765    9.88905    0.50000
 596.29815   11.03823    0.50000
 597.29865   10.17419    0.50000
 598.29915    8.85644    0.50000
 599.29965   10.02095    0.50000
 600.30015    9.97860    0.50000
 601.30065    8.68191    0.50000
 602.30115    8.61654    0.50000
 603.30165    9.26988    0.50000
 604.30215    9.26864    0.50000
 605.30265    9.23440    0.50000
 606.30315    8.24577    0.50000
 607.30365    7.09723    0.50000
 608.30415    7.97042    0.50000
 609.30465    7.60478    0.50000
 610.30515    8.88062    0.50000
 611.30565    9.18933    0.50000
 612.30615    8.58346    0.50000
 613.30665    8.62436    0.50000
 614.30715    8.78170    0.50000
 615.30765    8.84609    0.50000
 616.30815    8.80752    0.50000
 617.30865    8.70352    0.50000
 618.30915    8.60401    0.50000
 619.30965    8.29149    0.50000
 620.31016    8.40800    0.50000
 621.31066    9.51392    0.50000
 622.31116    9.17697    0.50000
 623.31166    8.51972    0.50000
 624.31216    9.09505    0.50000
 625.31266    8.96326    0.50000
 626.31316    9.13033    0.50000
 627.31366    9.48425    0.50000
 628.31416    9.20095    0.50000
 629.31466    9.54914    0.50000
 630.31516    8.87019    0.50000
 631.31566    9.56980    0.50000
 632.31616    8.92898    0.50000
 633.31666    8.67527    0.50000
 634.31716    9.54278    0.50000
 635.31766    8.63039    0.50000
 636.31816    8.92949    0.50000
 637.31866    8.90637    0.50000
 638.31916    9.16625    0.50000
 639.31966    9.15313    0.50000
 640.32016    8.60672    0.50000
 641.32066    8.73411    0.50000
 642.32116    8.55665    0.50000
 643.32166    8.81660    0.50000
 644.32216    8.18866    0.50000
 645.32266    9.40601    0.50000
 646.32316    9.01099    0.50000
 647.32366    8.52357    0.50000
 648.32416    9.19856    0.50000
 649.32466    9.82499    0.50000
 650.32516    7.81274    0.50000
 651.32566    7.82833    0.50000
 652.32616    8.43637    0.50000
 653.32666    8.72730    0.50000
 654.32716    8.49817    0.50000
 655.32766    6.78075    0.50000
 656.32816    7.13853    0.50000
 657.32866    7.33060    0.50000
 658.32916    7.42381    0.50000
 659.32966    5.98838    0.50000
 660.33017    6.91865    0.50000
 661.33067    7.21881    0.50000
 662.33117    8.10048    0.50000
 663.33167    7.11888    0.50000
 664.33217    7.60317    0.50000
 665.33267    7.64676    0.50000
 666.33317    7.96551    0.50000
 667.33367    8.52244    0.50000
 668.33417    7.87609    0.50000
 669.33467    8.31797    0.50000
 670.33517    8.39806    0.50000
 671.33567    7.94720    0.50000
 672.33617    8.15315    0.50000
 673.33667    8.16526    0.50000
 674.33717    8.28202    0.50000
 675.33767    7.86854    0.50000
 676.33817    8.09775    0.50000
 677.33867    8.95186    0.50000
 678.33917    8.73087    0.50000
 679.33967    8.59223    0.50000
 680.34017    7.36689    0.50000
 681.34067    7.89674    0.50000
 682.34117    8.72528    0.50000
 683.34167    8.08467    0.50000
 684.34217    7.53499    0.50000
 685.34267    8.28331    0.50000
 686.34317    8.49326    0.50000
 687.34367    8.17553    0.50000
 688.34417    8.02980    0.50000
 689.34467    7.42401    0.50000
 690.34517    8.69529    0.50000
 691.34567    8.38862    0.50000
 692.34617    8.95388    0.50000
 693.34667    7.96437    0.50000
 694.34717    8.20424    0.50000
 695.34767    8.91754    0.50000
 696.34817    7.85061    0.50000
 697.34867    8.22456    0.50000
 698.34917    8.10452    0.50000
 699.34967    7.68785    0.50000
 700.35018    8.67980    0.50000
 701.35068    8.35752    0.50000
 702.35118    8.47756    0.50000
 703.35168    8.76872    0.50000
 704.35218    9.50941    0.50000
 705.35268    8.98740    0.50000
 706.35318    9.71511    0.50000
 707.35368   10.63440    0.50000
 708.35418    9.19251    0.50000
 709.35468    9.23194    0.50000
 710.35518   10.30761    0.50000
 711.35568   10.09418    0.50000
 712.35618   10.00529    0.50000
 713.35668   10.89908    0.50000
 714.35718    9.62261    0.50000
 715.35768   10.24130    0.50000
 716.35818   10.14157    0.50000
 717.35868   11.37682    0.50000
 718.35918   11.13210    0.50000
 719.35968    9.74000    0.50000
 720.36018   10.33654    0.50000
 721.36068    9.99038    0.50000
 722.36118   10.10620    0.50000
 723.36168   11.30679    0.50000
 724.36218   10.61089    0.50000
 725.36268   10.68785    0.50000
 726.36318   10.51259    0.50000
 727.36368   10.85801    0.50000
 728.36418   10.73523    0.50000
 729.36468   10.65096    0.50000
 730.36518   11.19652    0.50000
 731.36568   10.89353    0.50000
 732.36618   11.97228    0.50000
 733.36668   13.49617    0.50000
 734.36718   12.19399    0.50000
 735.36768   12.31435    0.50000
 736.36818   11.92918    0.50000
 737.36868   12.34805    0.50000
 738.36918   11.84483    0.50000
 739.36968   12.99711    0.50000
 920.46023   11.80936    0.50000
 921.46073   10.59678    0.50000
 922.46123    9.78388    0.50000
 923.46173    9.22153    0.50000
 924.46223    9.35856    0.50000
 925.46273    9.36583    0.50000
 926.46323    9.18914    0.50000
 927.46373   10.38158    0.50000
 928.46423    9.71521    0.50000
 929.46473   10.01077    0.50000
 930.46523    9.64148    0.50000
 931.46573   10.12179    0.50000
 932.46623   10.50896    0.50000
 933.46673   10.03117    0.50000
 934.46723   10.43546    0.50000
 935.46773   10.60274    0.50000
 936.46823   10.53576    0.50000
 937.46873   11.55921    0.50000
 938.46923   11.68274    0.50000
 939.46973   12.15077    0.50000
 940.47024   11.20200    0.50000
 941.47074   11.09544    0.50000
 942.47124   10.30653    0.50000
 943.47174    9.80322    0.50000
 944.47224    9.69482    0.50000
 945.47274    9.82502    0.50000
 946.47324   11.93420    0.50000
 947.47374    9.59474    0.50000
 948.47424   10.39273    0.50000
 949.47474    9.28336    0.50000
 950.47524   10.22170    0.50000
 951.47574   10.75424    0.50000
 952.47624   11.12991    0.50000
 953.47674   10.77313    0.50000
 954.47724   11.13713    0.50000
 955.47774   10.22125    0.50000
 956.47824   10.10694    0.50000
 957.47874    9.53524    0.50000
 958.47924   10.37507    0.50000
 959.47974    9.67661    0.50000
 960.48024   10.17016    0.50000
 961.48074    9.54920    0.50000
 962.48124   10.51699    0.50000
 963.48174   11.00645    0.50000
 964.48224   10.03658    0.50000
 965.48274   11.35144    0.50000
 966.48324   10.25189    0.50000
 967.48374   10.17993    0.50000
 968.48424   10.41537    0.50000
 969.48474   11.95235    0.50000
 970.48524    9.80869    0.50000
 971.48574   10.46199    0.50000
 972.48624   10.92413    0.50000
 973.48674   10.64719    0.50000
 974.48724   11.59636    0.50000
 975.48774   10.39588    0.50000
 976.48824    9.61303    0.50000
 977.48874   10.24949    0.50000
 978.48924   10.65814    0.50000
 979.48974   10.10438    0.50000
 980.49025   10.53856    0.50000
 981.49075    9.89434    0.50000
 982.49125   11.25044    0.50000
 983.49175   11.73569    0.50000
 984.49225   12.02757    0.50000
 985.49275   11.02992    0.50000
 986.49325   11.94902    0.50000
 987.49375   11.49969    0.50000
 988.49425   12.18784    0.50000
 989.49475   11.96631    0.50000
 990.49525   11.83164    0.50000
 991.49575   12.51687    0.50000
 992.49625   12.23790    0.50000
 993.49675   12.17629    0.50000
 994.49725   11.84819    0.50000
 995.49775   11.74951    0.50000
 996.49825   11.41751    0.50000
 997.49875   11.88187    0.50000
 998.49925   11.97890    0.50000
220
 200.02501   10.97727    0.75000
 202.02601   11.94251    0.75000
 204.02701   11.49209    0.75000
 206.02801   13.07790    0.75000
 208.02901   12.73463    0.75000
 210.03002   12.71134    0.75000
 212.03102   13.32096    0.75000
 214.03202   14.94141    0.75000
 216.03302   13.62604    0.75000
 218.03402   12.50486    0.75000
 220.03502   11.87829    0.75000
 222.03602   11.77242    0.75000
 224.03702   11.70405    0.75000
 226.03802   10.09115    0.75000
 228.03902   11.78732    0.75000
 230.04002    8.93607    0.75000
 232.04102   10.37400    0.75000
 234.04202    7.94452    0.75000
 236.04302    6.54252    0.75000
 238.04402    7.28228    0.75000
 240.04502    6.85409    0.75000
 242.04602    8.15228    0.75000
 244.04702    8.64105    0.75000
 246.04802    6.09086    0.75000
 248.04902    7.41175    0.75000
 250.05003    5.51116    0.75000
 252.05103    5.54133    0.75000
 254.05203    5.88337    0.75000
 256.05303    6.03294    0.75000
 258.05403    7.30049    0.75000
 260.05503    5.17028    0.75000
 262.05603    5.90899    0.75000
 264.05703    7.15395    0.75000
 266.05803    6.94605    0.75000
 268.05903    5.30528    0.75000
 270.06003    6.07425    0.75000
 272.06103    8.29903    0.75000
 274.06203    7.21055    0.75000
 276.06303    6.98200    0.75000
 278.06403    7.49267    0.75000
 280.06503    5.96799    0.75000
 282.06603    6.95908    0.75000
 284.06703    6.97994    0.75000
 286.06803    6.83761    0.75000
 288.06903    8.01453    0.75000
 290.07004    8.94022    0.75000
 292.07104    9.64272    0.75000
 294.07204   11.34087    0.75000
 296.07304   10.64234    0.75000
 298.07404    9.69362    0.75000
 300.07504    9.90530    0.75000
 302.07604   12.33697    0.75000
 304.07704   11.61418    0.75000
 306.07804    8.47342    0.75000
 308.07904    9.37173    0.75000
 310.08004    9.89854    0.75000
 312.08104    9.88883    0.75000
 314.08204    9.34719    0.75000
 316.08304   11.09418    0.75000
 318.08404   10.01322    0.75000
 320.08504    9.62342    0.75000
 322.08604    8.24245    0.75000
 324.08704    7.84776    0.75000
 326.08804    7.83785    0.75000
 328.08904    7.66626    0.75000
 330.09005    6.18261    0.75000
 332.09105    6.55935    0.75000
 334.09205    6.52129    0.75000
 336.09305    5.49705    0.75000
 338.09405    6.28071    0.75000
 340.09505    6.63813    0.75000
 342.09605    6.14720    0.75000
 344.09705    7.59636    0.75000
 346.09805    7.67837    0.75000
 348.09905    7.50795    0.75000
 350.10005    6.37303    0.75000
 352.10105    8.57591    0.75000
 354.10205    7.89295    0.75000
 356.10305    7.01948    0.75000
 358.10405    7.28248    0.75000
 360.10505    8.35334    0.75000
 362.10605    6.39025    0.75000
 364.10705    6.69093    0.75000
 366.10805    6.44787    0.75000
 368.10905    5.03383    0.75000
 370.11006    7.17619    0.75000
 372.11106    8.68985    0.75000
 374.11206    6.34040    0.75000
 376.11306    6.29509    0.75000
 378.11406    5.47428    0.75000
 560.20510   20.06429    0.75000
 562.20610   19.39524    0.75000
 564.20710   20.15941    0.75000
 566.20810   17.19595    0.75000
 568.20910   17.03731    0.75000
 570.21011   18.36745    0.75000
 572.21111   18.43345    0.75000
 574.21211   18.36982    0.75000
 576.21311   19.41411    0.75000
 578.21411   16.23336    0.75000
 580.21511   17.70129    0.75000
 582.21611   17.27160    0.75000
 584.21711   16.49483    0.75000
 586.21811   18.27142    0.75000
 588.21911   16.82546    0.75000
 590.22011   18.87391    0.75000
 592.22111   17.80427    0.75000
 594.22211   17.16639    0.75000
 596.22311   17.90571    0.75000
 598.22411   20.09616    0.75000
 600.22511   19.74978    0.75000
 602.22611   19.29749    0.75000
 604.22711   20.46841    0.75000
 606.22811   18.35473    0.75000
 608.22911   19.19354    0.75000
 610.23012   20.51413    0.75000
 612.23112   18.23459    0.75000
 614.23212   20.43280    0.75000
 616.23312   18.64331    0.75000
 618.23412   18.33762    0.75000
 620.23512   18.02883    0.75000
 622.23612   18.53445    0.75000
 624.23712   18.43127    0.75000
 626.23812   18.37491    0.75000
 628.23912   17.58446    0.75000
 630.24012   18.41183    0.75000
 632.24112   19.06730    0.75000
 634.24212   18.68955    0.75000
 636.24312   20.25863    0.75000
 638.24412   18.10730    0.75000
 640.24512   18.64317    0.75000
 642.24612   17.02941    0.75000
 644.24712   18.54107    0.75000
 646.24812   18.28531    0.75000
 648.24912   19.41252    0.75000
 650.25013   18.82777    0.75000
 652.25113   20.04393    0.75000
 654.25213   18.81349    0.75000
 656.25313   18.09136    0.75000
 658.25413   20.51188    0.75000
 660.25513   20.10077    0.75000
 662.25613   18.88026    0.75000
 664.25713   17.36357    0.75000
 666.25813   19.09753    0.75000
 668.25913   17.86599    0.75000
 670.26013   18.01303    0.75000
 672.26113   18.44024    0.75000
 674.26213   19.41178    0.75000
 676.26313   18.52146    0.75000
 678.26413   19.05812    0.75000
 680.26513   18.43620    0.75000
 682.26613   19.02070    0.75000
 684.26713   17.46131    0.75000
 686.26813   17.95422    0.75000
 688.26913   17.49889    0.75000
 690.27014   15.11704    0.75000
 692.27114   17.04883    0.75000
 694.27214   18.58549    0.75000
 696.27314   19.50173    0.75000
 698.27414   19.01751    0.75000
 700.27514   20.39580    0.75000
 702.27614   20.48652    0.75000
 704.27714   21.18320    0.75000
 706.27814   18.86052    0.75000
 708.27914   18.04932    0.75000
 710.28014   18.89023    0.75000
 712.28114   19.41769    0.75000
 714.28214   18.55296    0.75000
 716.28314   17.99551    0.75000
 718.28414   17.27726    0.75000
 720.28514   17.23884    0.75000
 722.28614   15.50213    0.75000
 724.28714   16.17209    0.75000
 726.28814   18.24666    0.75000
 728.28914   18.11708    0.75000
 730.29015   17.72479    0.75000
 732.29115   20.96626    0.75000
 734.29215   18.58271    0.75000
 736.29315   19.61107    0.75000
 738.29415   18.23588    0.75000
 920.38519   17.98564    0.75000
 922.38619   17.75557    0.75000
 924.38719   15.06961    0.75000
 926.38819   17.50499    0.75000
 928.38919   15.70939    0.75000
 930.39020   14.97111    0.75000
 932.39120   15.17701    0.75000
 934.39220   14.41725    0.75000
 936.39320   14.06681    0.75000
 938.39420   16.11662    0.75000
 940.39520   14.59751    0.75000
 942.39620   17.17007    0.75000
 944.39720   18.38929    0.75000
 946.39820   16.37890    0.75000
 948.39920   19.69539    0.75000
 950.40020   18.05868    0.75000
 952.40120   17.42962    0.75000
 954.40220   17.40017    0.75000
 956.40320   17.61544    0.75000
 958.40420   20.00625    0.75000
 960.40520   17.22510    0.75000
 962.40620   19.01879    0.75000
 964.40720   18.61524    0.75000
 966.40820   18.66485    0.75000
 968.40920   18.08286    0.75000
 970.41021   19.04204    0.75000
 972.41121   20.42008    0.75000
 974.41221   17.87603    0.75000
 976.41321   16.97667    0.75000
 978.41421   18.72918    0.75000
 980.41521   17.06619    0.75000
 982.41621   19.15396    0.75000
 984.41721   16.17908    0.75000
 986.41821   16.92306    0.75000
 988.41921   15.41918    0.75000
 990.42021   16.90584    0.75000
 992.42121   18.85757    0.75000
 994.42221   17.08682    0.75000
 996.42321   18.81610    0.75000
 998.42421   17.02292    0.75000
220
 200.00000    4.69015    0.25000
 202.00100    5.04675    0.25000
 204.00200    4.23657    0.25000
 206.00300    4.80838    0.25000
 208.00400    4.65344    0.25000
 210.00500    4.81942    0.25000
 212.00600    4.94286    0.25000
 214.00700    5.05682    0.25000
 216.00800    4.76849    0.25000
 218.00900    4.61831    0.25000
 220.01001    4.76857    0.25000
 222.01101    4.83716    0.25000
 224.01201    4.45970    0.25000
 226.01301    4.88863    0.25000
 228.01401    4.34628    0.25000
 230.01501    4.54286    0.25000
 232.01601    4.22563    0.25000
 234.01701    4.48485    0.25000
 236.01801    4.42412    0.25000
 238.01901    3.98077    0.25000
 240.02001    4.41860    0.25000
 242.02101    4.59148    0.25000
 244.02201    4.25814    0.25000
 246.02301    4.55250    0.25000
 248.02401    4.06706    0.25000
 250.02501    3.92714    0.25000
 252.02601    4.06613    0.25000
 254.02701    3.66286    0.25000
 256.02801    4.61030    0.25000
 258.02901    4.16068    0.25000
 260.03002    4.22921    0.25000
 262.03102    4.97217    0.25000
 264.03202    4.96235    0.25000
 266.03302    5.02131    0.25000
 268.03402    4.26278    0.25000
 270.03502    4.30283    0.25000
 272.03602    4.32627    0.25000
 274.03702    3.82356    0.25000
 276.03802    3.64568    0.25000
 278.03902    3.79234    0.25000
 280.04002    4.25074    0.25000
 282.04102    3.42779    0.25000
 284.04202    3.43262    0.25000
 286.04302    3.14930    0.25000
 288.04402    3.44719    0.25000
 290.04502    3.05046    0.25000
 292.04602    3.21442    0.25000
 294.04702    3.21317    0.25000
 296.04802    2.82372    0.25000
 298.04902    2.61633    0.25000
 300.05003    2.49666    0.25000
 302.05103    2.38946    0.25000
 304.05203    2.58854    0.25000
 306.05303    2.57366    0.25000
 308.05403    2.51645    0.25000
 310.05503    3.18563    0.25000
 312.05603    3.11750    0.25000
 314.05703    3.10751    0.25000
 316.05803    2.96165    0.25000
 318.05903    2.82487    0.25000
 320.06003    2.88091    0.25000
 322.06103    2.94373    0.25000
 324.06203    3.16577    0.25000
 326.06303    3.14742    0.25000
 328.06403    2.92693    0.25000
 330.06503    2.65140    0.25000
 332.06603    3.52789    0.25000
 334.06703    2.77717    0.25000
 336.06803    2.86684    0.25000
 338.06903    3.14290    0.25000
 340.07004    3.69361    0.25000
 342.07104    3.73201    0.25000
 344.07204    3.56892    0.25000
 346.07304    4.03473    0.25000
 348.07404    3.75352    0.25000
 350.07504    3.69857    0.25000
 352.07604    3.68522    0.25000
 354.07704    4.27307    0.25000
 356.07804    3.66902    0.25000
 358.07904    3.68716    0.25000
 360.08004    3.79467    0.25000
 362.08104    3.39535    0.25000
 364.08204    3.59832    0.25000
 366.08304    4.01367    0.25000
 368.08404    3.81508    0.25000
 370.08504    3.93730    0.25000
 372.08604    3.98750    0.25000
 374.08704    3.71456    0.25000
 376.08804    3.54288    0.25000
 378.08904    3.54572    0.25000
 560.18009    5.71389    0.25000
 562.18109    6.34285    0.25000
 564.18209    5.95402    0.25000
 566.18309    6.68784    0.25000
 568.18409    6.38661    0.25000
 570.18509    6.27130    0.25000
 572.18609    6.68911    0.25000
 574.18709    6.24148    0.25000
 576.18809    6.40588    0.25000
 578.18909    6.55226    0.25000
 580.19010    6.47245    0.25000
 582.19110    6.21048    0.25000
 584.19210    6.58734    0.25000
 586.19310    6.62643    0.25000
 588.19410    6.28578    0.25000
 590.19510    5.99117    0.25000
 592.19610    6.58198    0.25000
 594.19710    6.45365    0.25000
 596.19810    6.53974    0.25000
 598.19910    6.47693    0.25000
 600.20010    6.43279    0.25000
 602.20110    6.40383    0.25000
 604.20210    6.21749    0.25000
 606.20310    6.17774    0.25000
 608.20410    6.39224    0.25000
 610.20510    5.83154    0.25000
 612.20610    5.76240    0.25000
 614.20710    6.26838    0.25000
 616.20810    6.12085    0.25000
 618.20910    6.08413    0.25000
 620.21011    5.22798    0.25000
 622.21111    6.24680    0.25000
 624.21211    6.40677    0.25000
 626.21311    6.09555    0.25000
 628.21411    5.46956    0.25000
 630.21511    6.20684    0.25000
 632.21611    5.53433    0.25000
 634.21711    5.76896    0.25000
 636.21811    6.02528    0.25000
 638.21911    5.36435    0.25000
 640.22011    5.54956    0.25000
 642.22111    5.71451    0.25000
 644.22211    5.83228    0.25000
 646.22311    6.15457    0.25000
 648.22411    6.09200    0.25000
 650.22511    6.35509    0.25000
 652.22611    5.86830    0.25000
 654.22711    6.56782    0.25000
 656.22811    5.73283    0.25000
 658.22911    6.22550    0.25000
 660.23012    6.49372    0.25000
 662.23112    6.31449    0.25000
 664.23212    6.24248    0.25000
 666.23312    6.44057    0.25000
 668.23412    6.24717    0.25000
 670.23512    6.19628    0.25000
 672.23612    6.02348    0.25000
 674.23712    6.08812    0.25000
 676.23812    5.53861    0.25000
 678.23912    6.39654    0.25000
 680.24012    6.25298    0.25000
 682.24112    6.19175    0.25000
 684.24212    5.73734    0.25000
 686.24312    6.10619    0.25000
 688.24412    6.13670    0.25000
 690.24512    6.00014    0.25000
 692.24612    5.77327    0.25000
 694.24712    5.83673    0.25000
 696.24812    5.62590    0.25000
 698.24912    5.92656    0.25000
 700.25013    6.23973    0.25000
 702.25113    6.39201    0.25000
 704.25213    6.41617    0.25000
 706.25313    5.99441    0.25000
 708.25413    6.23128    0.25000
 710.25513    5.83993    0.25000
 712.25613    5.92480    0.25000
 714.25713    5.71824    0.25000
 716.25813    5.96244    0.25000
 718.25913    5.87352    0.25000
 720.26013    5.76926    0.25000
 722.26113    5.76670    0.25000
 724.26213    6.17739    0.25000
 726.26313    6.17823    0.25000
 728.26413    5.94178    0.25000
 730.26513    5.72431    0.25000
 732.26613    5.62129    0.25000
 734.26713    5.71112    0.25000
 736.26813    5.75081    0.25000
 738.26913    5.43626    0.25000
 920.36018    5.51036    0.25000
 922.36118    5.85171    0.25000
 924.36218    5.62468    0.25000
 926.36318    6.00971    0.25000
 928.36418    5.84666    0.25000
 930.36518    5.85039    0.25000
 932.36618    6.28751    0.25000
 934.36718    6.16208    0.25000
 936.36818    7.09193    0.25000
 938.36918    6.73348    0.25000
 940.37019    6.88056    0.25000
 942.37119    7.06462    0.25000
 944.37219    6.58600    0.25000
 946.37319    6.78800    0.25000
 948.37419    6.32143    0.25000
 950.37519    6.35934    0.25000
 952.37619    6.12565    0.25000
 954.37719    5.88102    0.25000
 956.37819    5.93002    0.25000
 958.37919    5.74968    0.25000
 960.38019    5.95026    0.25000
 962.38119    6.45007    0.25000
 964.38219    6.24452    0.25000
 966.38319    5.86029    0.25000
 968.38419    5.64536    0.25000
 970.38519    5.90556    0.25000
 972.38619    5.82748    0.25000
 974.38719    6.08397    0.25000
 976.38819    5.38270    0.25000
 978.38919    5.62838    0.25000
 980.39020    4.85087    0.25000
 982.39120    5.43601    0.25000
 984.39220    5.04098    0.25000
 986.39320    4.98199    0.25000
 988.39420    5.14248    0.25000
 990.39520    5.14701    0.25000
 992.39620    5.94364    0.25000
 994.39720    5.44718    0.25000
 996.39820    5.92077    0.25000
 998.39920    5.72438    0.25000
