1
800
 121.06053    7.53985    1.68536
 122.24761    7.51895    1.67995
 123.43468    7.49783    1.67441
 124.62176    7.47650    1.66874
 125.80884    7.45495    1.66294
 126.99591    7.43318    1.65699
 128.18299    7.41120    1.65091
 129.37007    7.38899    1.64468
 130.55714    7.36655    1.63829
 131.74422    7.34389    1.63175
 132.93130    7.32100    1.62505
 134.11837    7.29788    1.61819
 135.30545    7.27453    1.61115
 136.49253    7.25094    1.60394
 137.67960    7.22711    1.59655
 138.86668    7.20303    1.58898
 140.05376    7.17872    1.58121
 141.24083    7.15416    1.57324
 142.42791    7.12935    1.56508
 143.61499    7.10429    1.55670
 144.80206    7.07897    1.54810
 145.98914    7.05340    1.53928
 147.17622    7.02757    1.53023
 148.36329    7.00148    1.52094
 149.55037    6.97512    1.51140
 150.73745    6.94850    1.50160
 151.92452    6.92161    1.49154
 153.11160    6.89445    1.48120
 154.29868    6.86701    1.47058
 155.48575    6.83929    1.45966
 156.67283    6.81130    1.44843
 157.85991    6.78301    1.43689
 159.04698    6.75445    1.42501
 160.23406    6.72559    1.41279
 161.42114    6.69645    1.40022
 162.60821    6.66700    1.38726
 163.79529    6.63726    1.37392
 164.98237    6.60722    1.36018
 166.16944    6.57688    1.34600
 167.35652    6.54622    1.33139
 168.54360    6.51526    1.31631
 169.73067    6.48398    1.30074
 170.91775    6.45239    1.28466
 172.10483    6.42048    1.26805
 173.29190    6.38824    1.25087
 174.47898    6.35568    1.23309
 175.66606    6.32279    1.21468
 176.85313    6.28956    1.19561
 178.04021    6.25600    1.17583
 179.22729    6.22210    1.15529
 180.41436    6.18786    1.13396
 181.60144    6.15327    1.11177
 182.78852    6.11833    1.08867
 183.97559    6.08304    1.06457
 185.16267    6.04738    1.03941
 186.34975    6.01137    1.01310
 187.53682    5.97500    0.98553
 188.72390    5.93825    0.95657
 189.91098    5.90114    0.92610
 191.09805    5.86364    0.89393
 192.28513    5.82577    0.85987
 193.47221    5.78752    0.82367
 194.65928    5.74888    0.78501
 195.84636    5.70984    0.74350
 197.03344    5.67041    0.69860
 198.22051    5.63059    0.64961
 199.40759    5.59036    0.59547
 200.59467    5.55685    0.56982
 201.78174    5.53292    0.58589
 202.96882    5.50857    0.59496
 204.15590    5.48381    0.59735
 205.34297    5.45864    0.59315
 206.53005    5.43304    0.58220
 207.71713    5.40702    0.56412
 208.90420    5.38057    0.53818
 210.09128    5.35369    0.50315
 211.27836    5.31255    0.53252
 212.46543    5.27080    0.55338
 213.65251    5.22862    0.56591
 214.83959    5.18599    0.57067
 216.02666    5.14292    0.56785
 217.21374    5.09939    0.55732
 218.40081    5.05541    0.53865
 219.58789    5.01096    0.51092
 220.77497    5.01619    0.51445
 221.96204    5.06034    0.54042
 223.14912    5.10402    0.55742
 224.33620    5.14724    0.56628
 225.52327    5.19001    0.56737
 226.71035    5.23234    0.56076
 227.89743    5.27422    0.54614
 229.08450    5.31566    0.52284
 230.27158    5.36178    0.49944
 231.45866    5.44114    0.52981
 232.64573    5.52008    0.55065
 233.83281    5.59860    0.56303
 235.01989    5.67672    0.56751
 236.20696    5.75443    0.56428
 237.39404    5.83176    0.55321
 238.58112    5.90871    0.53379
 239.76819    5.98527    0.50507
 240.95527    6.08686    0.51797
 242.14235    6.19879    0.54274
 243.32942    6.31037    0.55866
 244.51650    6.42161    0.56650
 245.70358    6.53253    0.56658
 246.89065    6.64314    0.55891
 248.07773    6.75345    0.54316
 249.26481    6.86348    0.51859
 250.45188    6.96136    0.50434
 251.63896    7.02776    0.53327
 252.82604    7.09390    0.55286
 254.01311    7.15978    0.56410
 255.20019    7.22541    0.56748
 256.38727    7.29081    0.56315
 257.57434    7.35597    0.55093
 258.76142    7.42090    0.53026
 259.94850    7.48561    0.50009
 261.13557    7.55675    0.52210
 262.32265    7.62889    0.54554
 263.50973    7.70083    0.56027
 264.69680    7.77257    0.56697
 265.88388    7.84413    0.56595
 267.07096    7.91551    0.55715
 268.25803    7.98672    0.54020
 269.44511    8.05776    0.51427
 270.63219    8.13155    0.50912
 271.81926    8.20920    0.53662
 273.00634    8.28671    0.55497
 274.19342    8.36408    0.56506
 275.38049    8.44133    0.56733
 276.56757    8.51846    0.56189
 277.75465    8.59548    0.54850
 278.94172    8.67240    0.52655
 280.12880    8.74923    0.49488
 281.31588    8.83492    0.52604
 282.50295    8.92062    0.54816
 283.69003    9.00625    0.56171
 284.87711    9.09182    0.56730
 286.06418    9.17734    0.56517
 287.25126    9.26282    0.55523
 288.43834    9.34826    0.53705
 289.62541    9.43367    0.50974
 290.81249    9.51578    0.51368
 291.99957    9.59530    0.53979
 293.18664    9.67483    0.55691
 294.37372    9.75436    0.56586
 295.56080    9.83391    0.56703
 296.74787    9.91348    0.56047
 297.93495    9.99309    0.54589
 299.12203   10.07273    0.52264
 300.30910   10.14725    0.49941
 301.49618   10.18843    0.52978
 302.68326   10.22967    0.55061
 303.87033   10.27097    0.56299
 305.05741   10.31234    0.56747
 306.24449   10.35379    0.56423
 307.43156   10.39530    0.55315
 308.61864   10.43690    0.53372
 309.80572   10.47858    0.50499
 310.99279   10.46052    0.51803
 312.17987   10.41759    0.54277
 313.36695   10.37475    0.55868
 314.55402   10.33198    0.56650
 315.74110   10.28929    0.56656
 316.92818   10.24667    0.55888
 318.11525   10.20411    0.54311
 319.30233   10.16161    0.51852
 320.48941   10.13615    0.50441
 321.67648   10.15494    0.53332
 322.86356   10.17379    0.55289
 324.05064   10.19270    0.56411
 325.23771   10.21166    0.56748
 326.42479   10.23069    0.56313
 327.61187   10.24978    0.55089
 328.79894   10.26894    0.53020
 329.98602   10.28816    0.50001
 331.17310   10.28487    0.52216
 332.36017   10.27764    0.54558
 333.54725   10.27047    0.56029
 334.73433   10.26337    0.56698
 335.92140   10.25634    0.56594
 337.10848   10.24938    0.55713
 338.29556   10.24247    0.54015
 339.48263   10.23564    0.51420
 340.66971   10.26235    0.50919
 341.85679   10.33521    0.53667
 343.04386   10.40815    0.55500
 344.23094   10.48116    0.56507
 345.41802   10.55426    0.56733
 346.60509   10.62746    0.56187
 347.79217   10.70076    0.54846
 348.97925   10.77418    0.52649
 350.16632   10.84771    0.49481
 351.35340   10.82486    0.52610
 352.54048   10.80141    0.54820
 353.72755   10.77808    0.56173
 354.91463   10.75487    0.56730
 356.10171   10.73178    0.56516
 357.28878   10.70881    0.55521
 358.47586   10.68594    0.53701
 359.66294   10.66319    0.50967
 360.85001   10.71576    0.51375
 362.03709   10.82651    0.53984
 363.22417   10.93739    0.55694
 364.41124   11.04841    0.56587
 365.59832   11.15957    0.56702
 366.78540   11.27088    0.56044
 367.97247   11.38237    0.54585
 369.15955   11.49404    0.52258
 370.34663   11.59926    0.49949
 371.53370   11.66254    0.52983
 372.72078   11.72603    0.55065
 373.90786   11.78973    0.56301
 375.09493   11.85366    0.56747
 376.28201   11.91781    0.56422
 377.46909   11.98220    0.55312
 378.65616   12.04683    0.53367
 379.84324   12.11170    0.50492
 381.03032   12.15371    0.51809
 382.21739   12.18643    0.54282
 383.40447   12.21941    0.55871
 384.59155   12.25266    0.56651
 385.77862   12.28618    0.56655
 386.96570   12.31997    0.55885
 388.15278   12.35403    0.54307
 389.33985   12.38837    0.51846
 390.52693   12.40659    0.50449
 391.71401   12.38283    0.53337
 392.90108   12.35935    0.55292
 394.08816   12.33615    0.56413
 395.27524   12.31323    0.56748
 396.46231   12.29058    0.56311
 397.64939   12.26820    0.55086
 398.83647   12.24609    0.53015
 400.02354   12.22426    0.49994
 401.21062   12.15902    0.52222
 402.39770   12.08642    0.54562
 403.58477   12.01406    0.56031
 404.77185   11.94196    0.56699
 405.95892   11.87008    0.56593
 407.14600   11.79844    0.55710
 408.33308   11.72702    0.54011
 409.52015   11.65582    0.51414
 410.70723   11.58363    0.50926
 411.89431   11.51002    0.53672
 413.08138   11.43659    0.55503
 414.26846   11.36336    0.56508
 415.45554   11.29030    0.56732
 416.64261   11.21741    0.56185
 417.82969   11.14469    0.54842
 419.01677   11.07212    0.52643
 420.20384   10.99970    0.49473
 421.39092   10.91962    0.52615
 422.57800   10.83963    0.54824
 423.76507   10.75976    0.56175
 424.95215   10.68002    0.56731
 426.13923   10.60038    0.56515
 427.32630   10.52084    0.55518
 428.51338   10.44139    0.53696
 429.70046   10.36203    0.50960
 430.88753   10.34622    0.51381
 432.07461   10.37905    0.53988
 433.26169   10.41196    0.55696
 434.44876   10.44496    0.56588
 435.63584   10.47804    0.56701
 436.82292   10.51121    0.56042
 438.00999   10.54447    0.54581
 439.19707   10.57782    0.52252
 440.38415   10.61745    0.49956
 441.57122   10.69567    0.52988
 442.75830   10.77401    0.55068
 443.94538   10.85247    0.56303
 445.13245   10.93105    0.56747
 446.31953   11.00977    0.56420
 447.50661   11.08863    0.55308
 448.69368   11.16764    0.53362
 449.88076   11.24680    0.50484
 451.06784   11.26708    0.51815
 452.25491   11.26340    0.54286
 453.44199   11.25989    0.55873
 454.62907   11.25654    0.56651
 455.81614   11.25336    0.56655
 457.00322   11.25035    0.55883
 458.19030   11.24750    0.54303
 459.37737   11.24482    0.51840
 460.56445   11.23346    0.50456
 461.75153   11.19969    0.53342
 462.93860   11.16607    0.55296
 464.12568   11.13262    0.56414
 465.31276   11.09932    0.56747
 466.49983   11.06617    0.56310
 467.68691   11.03317    0.55082
 468.87399   11.00032    0.53010
 470.06106   10.96761    0.49986
 471.24814   10.94708    0.52228
 472.43522   10.92877    0.54566
 473.62229   10.91058    0.56033
 474.80937   10.89253    0.56699
 475.99645   10.87461    0.56592
 477.18352   10.85682    0.55707
 478.37060   10.83916    0.54006
 479.55768   10.82162    0.51407
 480.74475   10.80778    0.50933
 481.93183   10.79890    0.53677
 483.11891   10.79015    0.55506
 484.30598   10.78151    0.56509
 485.49306   10.77299    0.56732
 486.68014   10.76459    0.56183
 487.86721   10.75631    0.54839
 489.05429   10.74815    0.52638
 490.24137   10.74010    0.49465
 491.42844   10.75457    0.52621
 492.61552   10.76923    0.54827
 493.80260   10.78400    0.56177
 494.98967   10.79890    0.56731
 496.17675   10.81392    0.56513
 497.36383   10.82906    0.55515
 498.55090   10.84432    0.53691
 499.73798   10.85971    0.50953
 500.92506   10.86449    0.51388
 502.11213   10.86126    0.53993
 503.29921   10.85815    0.55699
 504.48629   10.85517    0.56589
 505.67336   10.85232    0.56701
 506.86044   10.84959    0.56040
 508.04752   10.84699    0.54578
 509.23459   10.84452    0.52246
 510.42167   10.84267    0.49964
 511.60875   10.84401    0.52994
 512.79582   10.84547    0.55072
 513.98290   10.84707    0.56304
 515.16998   10.84878    0.56747
 516.35705   10.85063    0.56419
 517.54413   10.85260    0.55305
 518.73121   10.85470    0.53357
 519.91828   10.85692    0.50477
 521.10536   10.83998    0.51821
 522.29244   10.81537    0.54290
 523.47951   10.79088    0.55876
 524.66659   10.76651    0.56652
 525.85367   10.74225    0.56654
 527.04074   10.71812    0.55880
 528.22782   10.69409    0.54299
 529.41490   10.67018    0.51834
 530.60197   10.65229    0.50463
 531.78905   10.64943    0.53347
 532.97613   10.64668    0.55299
 534.16320   10.64404    0.56416
 535.35028   10.64150    0.56747
 536.53736   10.63907    0.56308
 537.72443   10.63674    0.55079
 538.91151   10.63452    0.53004
 540.09859   10.63240    0.49979
 541.28566   10.70844    0.52234
 542.47274   10.79778    0.54570
 543.65982   10.88724    0.56035
 544.84689   10.97683    0.56700
 546.03397   11.06656    0.56591
 547.22105   11.15643    0.55704
 548.40812   11.24646    0.54002
 549.59520   11.33666    0.51401
 550.78228   11.38291    0.50940
 551.96935   11.37017    0.53681
 553.15643   11.35761    0.55509
 554.34351   11.34522    0.56511
 555.53058   11.33301    0.56732
 556.71766   11.32098    0.56181
 557.90474   11.30912    0.54835
 559.09181   11.29744    0.52632
 560.27889   11.28592    0.49457
 561.46597   11.18129    0.52626
 562.65304   11.07672    0.54831
 563.84012   10.97230    0.56179
 565.02720   10.86802    0.56731
 566.21427   10.76386    0.56512
 567.40135   10.65983    0.55512
 568.58843   10.55590    0.53686
 569.77550   10.45207    0.50946
 570.96258   10.41641    0.51394
 572.14966   10.43207    0.53997
 573.33673   10.44781    0.55702
 574.52381   10.46364    0.56590
 575.71089   10.47955    0.56700
 576.89796   10.49555    0.56038
 578.08504   10.51165    0.54574
 579.27212   10.52783    0.52240
 580.45919   10.54517    0.49971
 581.64627   10.56900    0.52999
 582.83335   10.59293    0.55075
 584.02042   10.61695    0.56306
 585.20750   10.64108    0.56747
 586.39458   10.66532    0.56417
 587.58165   10.68966    0.55302
 588.76873   10.71411    0.53352
 589.95581   10.73868    0.50470
 591.14288   10.65120    0.51827
 592.32996   10.51895    0.54294
 593.51704   10.38678    0.55878
 594.70411   10.25469    0.56653
 595.89119   10.12267    0.56653
 597.07826    9.99070    0.55878
 598.26534    9.85877    0.54294
 599.45242    9.72687    0.51827
 600.63949    9.60985    0.50470
 601.82657    9.52999    0.53352
 603.01365    9.45012    0.55302
 604.20072    9.37024    0.56417
 605.38780    9.29033    0.56747
 606.57488    9.21039    0.56306
 607.76195    9.13041    0.55075
 608.94903    9.05038    0.52999
 610.13611    8.97030    0.49971
 611.32318    8.96045    0.52240
 612.51026    8.96221    0.54574
 613.69734    8.96390    0.56038
 614.88441    8.96552    0.56700
 616.07149    8.96708    0.56590
 617.25857    8.96858    0.55702
 618.44564    8.97001    0.53997
 619.63272    8.97138    0.51394
 620.81980    8.98248    0.50946
 622.00687    9.00656    0.53686
 623.19395    9.03057    0.55512
 624.38103    9.05453    0.56512
 625.56810    9.07843    0.56731
 626.75518    9.10228    0.56179
 627.94226    9.12608    0.54831
 629.12933    9.14983    0.52626
 630.31641    9.17343    0.49457
 631.50349    9.09909    0.52632
 632.69056    9.02470    0.54835
 633.87764    8.95025    0.56181
 635.06472    8.87573    0.56732
 636.25179    8.80114    0.56511
 637.43887    8.72647    0.55509
 638.62595    8.65171    0.53681
 639.81302    8.57686    0.50940
 641.00010    8.50746    0.51401
 642.18718    8.44211    0.54002
 643.37425    8.37664    0.55704
 644.56133    8.31104    0.56591
 645.74841    8.24531    0.56700
 646.93548    8.17945    0.56035
 648.12256    8.11344    0.54570
 649.30964    8.04727    0.52234
 650.49671    7.98389    0.49979
 651.68379    7.93771    0.53004
 652.87087    7.89137    0.55079
 654.05794    7.84485    0.56308
 655.24502    7.79815    0.56747
 656.43210    7.75127    0.56416
 657.61917    7.70421    0.55299
 658.80625    7.65695    0.53347
 659.99333    7.60949    0.50463
 661.18040    7.63876    0.51834
 662.36748    7.69830    0.54299
 663.55456    7.75766    0.55880
 664.74163    7.81683    0.56654
 665.92871    7.87581    0.56652
 667.11579    7.93462    0.55876
 668.30286    7.99326    0.54290
 669.48994    8.05174    0.51821
 670.67702    8.10920    0.50477
 671.86409    8.16438    0.53357
 673.05117    8.21941    0.55305
 674.23825    8.27431    0.56419
 675.42532    8.32906    0.56747
 676.61240    8.38369    0.56304
 677.79948    8.43820    0.55072
 678.98655    8.49258    0.52994
 680.17363    8.54686    0.49964
 681.36071    8.56313    0.52246
 682.54778    8.57313    0.54578
 683.73486    8.58301    0.56040
 684.92194    8.59280    0.56701
 686.10901    8.60248    0.56589
 687.29609    8.61205    0.55699
 688.48317    8.62153    0.53993
 689.67024    8.63091    0.51388
 690.85732    8.66028    0.50953
 692.04440    8.71603    0.53691
 693.23147    8.77169    0.55515
 694.41855    8.82727    0.56513
 695.60563    8.88277    0.56731
 696.79270    8.93819    0.56177
 697.97978    8.99355    0.54827
 699.16686    9.04885    0.52621
 700.35393    9.10423    0.49465
 701.54101    9.20627    0.52638
 702.72809    9.30826    0.54839
 703.91516    9.41022    0.56183
 705.10224    9.51216    0.56732
 706.28932    9.61410    0.56509
 707.47639    9.71603    0.55506
 708.66347    9.81798    0.53677
 709.85055    9.91994    0.50933
 711.03762   10.00279    0.51407
 712.22470   10.07151    0.54006
 713.41178   10.14029    0.55707
 714.59885   10.20911    0.56592
 715.78593   10.27800    0.56699
 716.97301   10.34696    0.56033
 718.16008   10.41599    0.54566
 719.34716   10.48510    0.52228
 720.53424   10.55866    0.49986
 721.72131   10.65767    0.53010
 722.90839   10.75680    0.55082
 724.09547   10.85603    0.56310
 725.28254   10.95540    0.56747
 726.46962   11.05490    0.56414
 727.65670   11.15455    0.55296
 728.84377   11.25436    0.53342
 730.03085   11.35433    0.50456
 731.21793   11.43770    0.51840
 732.40500   11.51468    0.54303
 733.59208   11.59185    0.55883
 734.77916   11.66923    0.56655
 735.96623   11.74681    0.56651
 737.15331   11.82462    0.55873
 738.34039   11.90264    0.54286
 739.52746   11.98090    0.51815
 740.71454   12.02193    0.50484
 741.90162   11.97148    0.53362
 743.08869   11.92127    0.55308
 744.27577   11.87130    0.56420
 745.46285   11.82156    0.56747
 746.64992   11.77204    0.56303
 747.83700   11.72275    0.55068
 749.02408   11.67366    0.52988
 750.21115   11.62479    0.49956
 751.39823   11.55704    0.52252
 752.58531   11.48642    0.54581
 753.77238   11.41600    0.56042
 754.95946   11.34576    0.56701
 756.14654   11.27570    0.56588
 757.33361   11.20580    0.55696
 758.52069   11.13607    0.53988
 759.70777   11.06649    0.51381
 760.89484   10.98319    0.50960
 762.08192   10.88190    0.53696
 763.26900   10.78074    0.55518
 764.45607   10.67970    0.56515
 765.64315   10.57877    0.56731
 766.83023   10.47794    0.56175
 768.01730   10.37719    0.54824
 769.20438   10.27652    0.52615
 770.39146   10.17616    0.49473
 771.57853   10.11901    0.52643
 772.76561   10.06191    0.54842
 773.95269   10.00486    0.56185
 775.13976    9.94785    0.56732
 776.32684    9.89087    0.56508
 777.51392    9.83393    0.55503
 778.70099    9.77700    0.53672
 779.88807    9.72010    0.50926
 781.07515    9.66217    0.51414
 782.26222    9.60349    0.54011
 783.44930    9.54481    0.55710
 784.63638    9.48612    0.56593
 785.82345    9.42742    0.56699
 787.01053    9.36870    0.56031
 788.19760    9.30996    0.54562
 789.38468    9.25119    0.52222
 790.57176    9.20067    0.49994
 791.75883    9.19756    0.53015
 792.94591    9.19442    0.55086
 794.13299    9.19123    0.56311
 795.32006    9.18800    0.56748
 796.50714    9.18473    0.56413
 797.69422    9.18141    0.55292
 798.88129    9.17805    0.53337
 800.06837    9.17465    0.50449
 801.25545    9.22165    0.51846
 802.44252    9.28819    0.54307
 803.62960    9.35469    0.55885
 804.81668    9.42117    0.56655
 806.00375    9.48763    0.56651
 807.19083    9.55408    0.55871
 808.37791    9.62052    0.54282
 809.56498    9.68696    0.51809
 810.75206    9.75168    0.50492
 811.93914    9.81220    0.53367
 813.12621    9.87274    0.55312
 814.31329    9.93330    0.56422
 815.50037    9.99390    0.56747
 816.68744   10.05454    0.56301
 817.87452   10.11523    0.55065
 819.06160   10.17596    0.52983
 820.24867   10.23676    0.49949
 821.43575   10.23160    0.52258
 822.62283   10.21611    0.54585
 823.80990   10.20067    0.56044
 824.99698   10.18530    0.56702
 826.18406   10.16999    0.56587
 827.37113   10.15473    0.55694
 828.55821   10.13953    0.53984
 829.74529   10.12439    0.51375
 830.93236   10.11545    0.50967
 832.11944   10.11454    0.53701
 833.30652   10.11368    0.55521
 834.49359   10.11287    0.56516
 835.68067   10.11211    0.56730
 836.86775   10.11141    0.56173
 838.05482   10.11075    0.54820
 839.24190   10.11015    0.52610
 840.42898   10.10951    0.49481
 841.61605   10.09664    0.52649
 842.80313   10.08383    0.54846
 843.99021   10.07107    0.56187
 845.17728   10.05836    0.56733
 846.36436   10.04569    0.56507
 847.55144   10.03306    0.55500
 848.73851   10.02048    0.53667
 849.92559   10.00794    0.50919
 851.11267   10.05873    0.51420
 852.29974   10.15555    0.54015
 853.48682   10.25243    0.55713
 854.67390   10.34938    0.56594
 855.86097   10.44641    0.56698
 857.04805   10.54351    0.56029
 858.23513   10.64072    0.54558
 859.42220   10.73803    0.52216
 860.60928   10.81985    0.50001
 861.79636   10.81396    0.53020
 862.98343   10.80819    0.55089
 864.17051   10.80254    0.56313
 865.35759   10.79702    0.56748
 866.54466   10.79161    0.56411
 867.73174   10.78633    0.55289
 868.91882   10.78116    0.53332
 870.10589   10.77612    0.50441
 871.29297   10.78063    0.51852
 872.48005   10.78888    0.54311
 873.66712   10.79725    0.55888
 874.85420   10.80575    0.56656
 876.04128   10.81436    0.56650
 877.22835   10.82310    0.55868
 878.41543   10.83196    0.54277
 879.60251   10.84095    0.51803
 880.78958   10.83818    0.50499
 881.97666   10.80707    0.53372
 883.16374   10.77608    0.55315
 884.35081   10.74520    0.56423
 885.53789   10.71444    0.56747
 886.72497   10.68379    0.56299
 887.91204   10.65326    0.55061
 889.09912   10.62282    0.52978
 890.28620   10.59250    0.49941
 891.47327   10.60079    0.52264
 892.66035   10.61515    0.54589
 893.84743   10.62960    0.56047
 895.03450   10.64416    0.56703
 896.22158   10.65883    0.56586
 897.40866   10.67360    0.55691
 898.59573   10.68848    0.53979
 899.78281   10.70347    0.51368
 900.96989   10.71856    0.50974
 902.15696   10.73375    0.53705
 903.34404   10.74904    0.55523
 904.53112   10.76446    0.56517
 905.71819   10.77999    0.56730
 906.90527   10.79564    0.56171
 908.09235   10.81141    0.54816
 909.27942   10.82731    0.52604
 910.46650   10.84265    0.49488
 911.65358   10.78772    0.52655
 912.84065   10.73292    0.54850
 914.02773   10.67823    0.56189
 915.21481   10.62364    0.56733
 916.40188   10.56916    0.56506
 917.58896   10.51478    0.55497
 918.77604   10.46049    0.53662
 919.96311   10.40629    0.50912
 921.15019   10.36296    0.51427
 922.33727   10.32747    0.54020
 923.52434   10.29206    0.55715
 924.71142   10.25672    0.56595
 925.89850   10.22145    0.56697
 927.08557   10.18624    0.56027
 928.27265   10.15109    0.54554
 929.45973   10.11599    0.52210
 930.64680   10.09274    0.50009
 931.83388   10.13485    0.53026
 933.02096   10.17701    0.55093
 934.20803   10.21923    0.56315
 935.39511   10.26152    0.56748
 936.58219   10.30387    0.56410
 937.76926   10.34629    0.55286
 938.95634   10.38878    0.53327
 940.14342   10.43136    0.50434
 941.33049   10.43034    0.51859
 942.51757   10.41281    0.54316
 943.70465   10.39536    0.55891
 944.89172   10.37799    0.56658
 946.07880   10.36069    0.56650
 947.26588   10.34348    0.55866
 948.45295   10.32634    0.54274
 949.64003   10.30927    0.51797
 950.82711   10.30051    0.50507
 952.01418   10.31138    0.53379
 953.20126   10.32233    0.55321
 954.38834   10.33334    0.56428
 955.57541   10.34443    0.56751
 956.76249   10.35559    0.56303
 957.94957   10.36683    0.55065
 959.13664   10.37815    0.52981
 960.32372   10.38955    0.49944
 961.51080   10.41466    0.52284
 962.69787   10.44192    0.54614
 963.88495   10.46927    0.56076
 965.07203   10.49671    0.56737
 966.25910   10.52424    0.56628
 967.44618   10.55186    0.55742
 968.63326   10.57958    0.54042
 969.82033   10.60739    0.51445
 971.00741   10.62074    0.51092
 972.19449   10.61565    0.53865
 973.38156   10.61066    0.55732
 974.56864   10.60577    0.56785
 975.75571   10.60098    0.57067
 976.94279   10.59630    0.56591
 978.12987   10.59171    0.55338
 979.31694   10.58722    0.53252
 980.50402   10.58370    0.50315
 981.69110   10.65388    0.53818
 982.87817   10.72418    0.56412
 984.06525   10.79458    0.58220
 985.25233   10.86510    0.59315
 986.43940   10.93576    0.59735
 987.62648   11.00654    0.59496
 988.81356   11.07747    0.58589
 990.00063   11.14855    0.56982
 991.18771   11.16900    0.59547
 992.37479   11.15334    0.64961
 993.56186   11.13783    0.69860
 994.74894   11.12247    0.74350
 995.93602   11.10727    0.78501
 997.12309   11.09222    0.82367
 998.31017   11.07733    0.85987
 999.49725   11.06258    0.89393
1000.68432   11.04798    0.92610
1001.87140   11.03353    0.95657
1003.05848   11.01922    0.98553
1004.24555   11.00505    1.01310
1005.43263   10.99103    1.03941
1006.61971   10.97715    1.06457
1007.80678   10.96340    1.08867
1008.99386   10.94980    1.11177
1010.18094   10.93633    1.13396
1011.36801   10.92299    1.15529
1012.55509   10.90979    1.17583
1013.74217   10.89672    1.19561
1014.92924   10.88378    1.21468
1016.11632   10.87098    1.23309
1017.30340   10.85830    1.25087
1018.49047   10.84574    1.26805
1019.67755   10.83332    1.28466
1020.86463   10.82101    1.30074
1022.05170   10.80883    1.31631
1023.23878   10.79678    1.33139
1024.42586   10.78484    1.34600
1025.61293   10.77302    1.36018
1026.80001   10.76132    1.37392
1027.98709   10.74974    1.38726
1029.17416   10.73828    1.40022
1030.36124   10.72693    1.41279
1031.54832   10.71569    1.42501
1032.73539   10.70457    1.43689
1033.92247   10.69355    1.44843
1035.10955   10.68265    1.45966
1036.29662   10.67186    1.47058
1037.48370   10.66117    1.48120
1038.67078   10.65060    1.49154
1039.85785   10.64012    1.50160
1041.04493   10.62976    1.51140
1042.23201   10.61949    1.52094
1043.41908   10.60933    1.53023
1044.60616   10.59928    1.53928
1045.79324   10.58932    1.54810
1046.98031   10.57946    1.55670
1048.16739   10.56970    1.56508
1049.35447   10.56004    1.57324
1050.54154   10.55048    1.58121
1051.72862   10.54101    1.58898
1052.91570   10.53163    1.59655
1054.10277   10.52235    1.60394
1055.28985   10.51317    1.61115
1056.47693   10.50407    1.61819
1057.66400   10.49507    1.62505
1058.85108   10.48615    1.63175
1060.03816   10.47733    1.63829
1061.22523   10.46859    1.64468
1062.41231   10.45995    1.65091
1063.59939   10.45138    1.65699
1064.78646   10.44291    1.66294
1065.97354   10.43452    1.66874
1067.16062   10.42621    1.67441
1068.34769   10.41799    1.67995
1069.53477   10.40985    1.68536
