     2     1   -127.521346   -127.418899      0.268518      1.431107      1.855744     26.984033      0.538090    203.14924
     7     2   -129.488328   -127.521346      0.261160      1.212065      1.824569     16.295394      0.492873    166.84754
     8     3   -130.228116   -129.488328      0.220370      1.006884      1.661003     10.159775      0.490177    170.13590
     9     4   -128.334866   -130.228116      0.229231      1.194920      1.695240     15.664631      0.497460    186.45081
    10     5   -128.127967   -128.334866      0.237712      1.326699      1.728670     21.217729      0.586854    223.93465
    12     6   -130.870689   -128.127967      0.202256      1.253463      1.593146     17.925161      0.643380    255.64781
    13     7   -127.888625   -130.870689      0.229604      1.103949      1.696694     12.704258      0.638619    205.88584
    14     8   -127.624664   -127.888625      0.232733      1.210294      1.708966     16.229072      0.584149    207.14217
    16     9   -127.570954   -127.624664      0.272842      1.407552      1.874311     25.559467      0.528473    193.55894
    18    10   -127.447510   -127.570954      0.269313      1.374075      1.859144     23.663274      0.569763    203.79820
    25    11   -127.557539   -127.447510      0.294729      1.528319      1.971191     33.753547      0.535586    199.25509
    28    12   -128.154841   -127.557539      0.300659      1.552170      1.998294     35.659062      0.489004    182.56686
    29    13   -128.377934   -128.154841      0.316884      1.708708      2.074361     51.133841      0.466694    184.66175
    34    14   -128.181655   -128.377934      0.349790      1.725050      2.237641     53.094567      0.513377    183.73954
    38    15   -128.820333   -128.181655      0.333499      1.568584      2.155255     37.032574      0.508605    170.41116
    39    16   -127.652962   -128.820333      0.318070      1.586885      2.080030     38.626483      0.539678    194.07425
    41    17   -127.549303   -127.652962      0.293512      1.349317      1.965678     22.352034      0.592289    190.46456
    42    18   -127.768622   -127.549303      0.325775      1.550545      2.117266     35.525920      0.601602    206.85317
    45    19   -129.027501   -127.768622      0.350829      1.337953      2.242999     21.774761      0.756498    205.99744
    48    20   -128.478127   -129.027501      0.350281      1.569736      2.240168     37.130948      0.655234    216.04935
    55    21   -128.348580   -128.478127      0.370847      1.788143      2.348807     61.396389      0.585375    212.41333
    56    22   -128.446146   -128.348580      0.413781      1.833808      2.592870     68.203705      0.593038    195.43655
    57    23   -128.923863   -128.446146      0.434880      1.745627      2.721948     55.670682      0.648758    191.90093
    67    24   -130.272277   -128.923863      0.468067      1.632650      2.938106     42.919084      0.722086    181.63179
    73    25   -130.806432   -130.272277      0.507244      1.803411      3.215467     63.593226      0.679121    172.72802
    74    26   -129.910008   -130.806432      0.498077      2.057284      3.148303    114.099598      0.646722    212.34533
    76    27   -129.758694   -129.910008      0.500530      1.934216      3.166138     85.944112      0.654746    190.09704
    77    28   -130.131666   -129.758694      0.473567      1.878117      2.975546     75.529482      0.693052    216.94330
    80    29   -131.809171   -130.131666      0.461171      1.785597      2.891819     61.037581      0.753259    237.01328
    81    30   -131.915319   -131.809171      0.449873      1.793792      2.817562     62.200188      0.742544    241.11667
    82    31   -128.935484   -131.915319      0.452419      1.907024      2.834128     80.727947      0.608578    191.43815
    85    32   -131.780017   -128.935484      0.424312      1.927902      2.656516     84.703667      0.478223    151.27058
    86    33   -132.011394   -131.780017      0.420433      1.775101      2.632890     59.580000      0.512807    148.02035
    88    34   -129.177359   -132.011394      0.391468      1.917683      2.463022     82.733741      0.587968    224.05892
    89    35   -129.390903   -129.177359      0.372129      1.831193      2.355749     67.794262      0.604808    229.92886
    90    36   -128.429636   -129.390903      0.408123      1.955386      2.559311     90.237293      0.540865    194.03310
    91    37   -129.531372   -128.429636      0.426605      2.025283      2.670576    105.994389      0.593960    223.69759
    92    38   -130.935665   -129.531372      0.462234      1.962077      2.898903     91.638348      0.534791    158.57749
    93    39   -129.484675   -130.935665      0.465394      2.108141      2.920075    128.274606      0.532364    177.18595
    94    40   -128.834397   -129.484675      0.437831      1.922760      2.740508     83.706573      0.608667    204.08166
    95    41   -130.356832   -128.834397      0.433745      1.909456      2.714846     81.181224      0.520850    161.48996
    98    42   -130.053501   -130.356832      0.394100      2.114745      2.477994    130.240250      0.432041    171.25728
   102    43   -129.378140   -130.053501      0.393273      2.314517      2.473279    206.308541      0.443541    204.57527
   103    44   -129.989609   -129.378140      0.402757      2.154557      2.527885    142.743746      0.435832    172.55249
   106    45   -129.605536   -129.989609      0.401450      2.140200      2.520287    138.102041      0.445728    176.58133
   107    46   -128.935341   -129.605536      0.440705      1.886780      2.758700     77.051237      0.583820    182.89964
   110    47   -129.361189   -128.935341      0.452413      1.726803      2.834083     53.309273      0.678894    191.12838
   113    48   -129.470504   -129.361189      0.483125      1.933664      3.041763     85.834883      0.626287    185.98118
   118    49   -130.888534   -129.470504      0.497988      1.831815      3.147661     67.891388      0.642329    166.33529
   119    50   -129.589515   -130.888534      0.485568      1.901523      3.058920     79.711894      0.663919    198.00948
   120    51   -129.837381   -129.589515      0.527493      2.138430      3.368940    137.540332      0.616391    190.83744
   122    52   -130.625303   -129.837381      0.567417      2.153742      3.693324    142.476254      0.641474    183.54750
   123    53   -130.095448   -130.625303      0.525587      2.135536      3.354188    136.626917      0.594782    178.92203
   124    54   -130.224040   -130.095448      0.492428      2.013878      3.107621    103.247198      0.578600    169.79700
   126    55   -129.835701   -130.224040      0.512830      2.233808      3.257093    171.320082      0.554876    180.41532
   127    56   -129.951674   -129.835701      0.503450      2.360571      3.187496    229.387974      0.509247    178.76392
   128    57   -129.928981   -129.951674      0.533595      2.163926      3.416606    145.856470      0.628058    198.94347
   129    58   -129.897555   -129.928981      0.529636      2.139857      3.385600    137.993022      0.613821    188.21218
   131    59   -130.204555   -129.897555      0.529756      2.188281      3.386542    154.269973      0.636656    211.97944
   132    60   -129.876871   -130.204555      0.506331      1.946798      3.208714     88.470361      0.669751    197.08678
   143    61   -132.493066   -129.876871      0.531067      1.758940      3.396779     57.403777      0.700448    160.30821
   145    62   -131.885274   -132.493066      0.533523      1.901855      3.416039     79.772918      0.648659    161.20778
   146    63   -130.721650   -131.885274      0.565425      2.080495      3.676416    120.363579      0.687977    197.76323
   148    64   -131.120383   -130.721650      0.565141      2.240984      3.674020    174.174129      0.667491    219.94021
   149    65   -131.302840   -131.120383      0.597014      2.131355      3.953794    135.317888      0.678575    182.91489
   152    66   -131.870150   -131.302840      0.621819      2.251713      4.186190    178.530594      0.711529    214.40425
   166    67   -131.166243   -131.870150      0.578783      2.051774      3.791258    112.660994      0.688073    183.42133
   167    68   -129.971018   -131.166243      0.542844      2.238597      3.490146    173.219770      0.613788    198.50719
   171    69   -130.938048   -129.971018      0.517838      2.233678      3.294870    171.268628      0.532955    164.78704
   173    70   -129.970973   -130.938048      0.522584      2.136062      3.331070    136.792281      0.594948    180.96757
   177    71   -130.336948   -129.970973      0.526503      2.186739      3.361266    153.722923      0.571320    173.74801
   180    72   -129.653709   -130.336948      0.510377      2.192571      3.238746    155.801358      0.603599    204.59916
   184    73   -129.391532   -129.653709      0.493726      2.176316      3.116924    150.077538      0.587079    202.26514
   188    74   -129.422411   -129.391532      0.488369      2.006039      3.078710    101.400176      0.630751    198.95071
   189    75   -131.846838   -129.422411      0.488049      1.860834      3.076443     72.582841      0.591372    154.09195
   190    76   -131.399724   -131.846838      0.476232      1.904617      2.993863     80.281778      0.565329    155.94120
   194    77   -132.043937   -131.399724      0.440406      1.813558      2.756806     65.096543      0.728694    245.07482
   197    78   -131.434578   -132.043937      0.464582      1.720245      2.914621     52.510325      0.772207    228.26077
   198    79   -129.384899   -131.434578      0.434092      1.774086      2.717012     59.440993      0.678018    212.66437
   204    80   -129.639384   -129.384899      0.402529      1.721894      2.526554     52.710094      0.549377    164.95802
   205    81   -128.531389   -129.639384      0.419989      1.936913      2.630204     86.479467      0.556532    191.13748
   207    82   -128.740285   -128.531389      0.438845      2.066373      2.746913    116.512653      0.547943    196.06501
   210    83   -129.090356   -128.740285      0.463545      2.078850      2.907666    119.908410      0.555519    186.23069
   213    84   -129.278982   -129.090356      0.458584      2.045282      2.874645    110.989566      0.604669    211.60474
   215    85   -130.285024   -129.278982      0.427632      1.908223      2.676902     80.951154      0.651562    232.25073
   216    86   -129.346049   -130.285024      0.461241      1.813281      2.892284     65.055079      0.640831    184.39553
   220    87   -128.952657   -129.346049      0.424593      1.963832      2.658234     92.009344      0.594420    213.24319
   221    88   -129.891262   -128.952657      0.466420      1.727133      2.926982     53.349828      0.720107    202.02920
   227    89   -129.520878   -129.891262      0.424392      1.550867      2.657002     35.552275      0.734374    196.72265
   230    90   -129.953196   -129.520878      0.394907      1.766809      2.482600     58.453267      0.665239    231.79775
   231    91   -129.348886   -129.953196      0.419930      1.541598      2.629845     34.801541      0.713871    188.98356
   233    92   -129.496344   -129.348886      0.451880      1.794567      2.830607     62.311262      0.684000    208.20566
   234    93   -128.826435   -129.496344      0.420789      1.683615      2.635052     48.263069      0.662270    195.01383
   236    94   -128.524947   -128.826435      0.395464      1.602615      2.485788     40.051165      0.646478    188.70378
   239    95   -129.951599   -128.524947      0.352306      1.840986      2.250641     69.340301      0.590596    238.93707
   247    96   -129.023289   -129.951599      0.354968      2.049626      2.264477    112.105246      0.489764    219.09320
   249    97   -128.531997   -129.023289      0.314605      1.855220      2.063505     71.650666      0.445717    197.05995
   251    98   -130.095930   -128.531997      0.302127      1.786163      2.005058     61.117148      0.547502    243.64784
   255    99   -128.537202   -130.095930      0.261714      1.564691      1.826896     36.702115      0.437824    193.69497
   258   100   -127.481506   -128.537202      0.275688      1.369528      1.886635     23.416809      0.553940    193.75790
   259   101   -127.987296   -127.481506      0.256065      1.518393      1.803286     32.990829      0.483863    206.79925
   263   102   -128.663440   -127.987296      0.228840      1.451237      1.693714     28.264211      0.438900    203.50044
   264   103   -130.396923   -128.663440      0.200259      1.493633      1.585839     31.162568      0.478274    243.81513
   265   104   -127.973335   -130.396923      0.222138      1.310087      1.667779     20.421462      0.504107    208.07417
   267   105   -128.861789   -127.973335      0.264509      1.264644      1.838693     18.392616      0.498609    172.08977
   269   106   -128.921284   -128.861789      0.245851      1.310357      1.761370     20.434185      0.455062    179.42467
   270   107   -129.051971   -128.921284      0.284698      1.146714      1.926184     14.018914      0.602140    167.85160
   271   108   -128.636322   -129.051971      0.248454      1.202855      1.771962     15.953474      0.506105    176.59305
   273   109   -129.601701   -128.636322      0.218405      1.087335      1.653501     12.227428      0.471038    176.60184
   274   110   -129.836199   -129.601701      0.176507      1.233225      1.501436     17.108997      0.425705    213.65154
   275   111   -131.504246   -129.836199      0.167810      1.277225      1.471670     18.933223      0.368501    213.94895
   277   112   -131.092300   -131.504246      0.184892      1.204225      1.530708     16.003867      0.374148    195.40461
   278   113   -131.709365   -131.092300      0.158584      0.984267      1.440736      9.644209      0.394663    198.53677
   279   114   -129.845511   -131.709365      0.195892      0.898609      1.569973      7.917881      0.547998    183.16642
   281   115   -129.537138   -129.845511      0.225161      1.006877      1.679426     10.159611      0.530367    173.26970
   285   116   -131.918774   -129.537138      0.205790      1.254769      1.606164     17.979140      0.352840    181.63999
   287   117   -129.752301   -131.918774      0.171095      1.083221      1.482843     12.112139      0.446789    205.27041
   289   118   -129.725144   -129.752301      0.175361      0.963356      1.497478      9.190851      0.486383    195.54848
   293   119   -129.177267   -129.725144      0.175806      1.189268      1.499016     15.462069      0.485226    221.59465
   296   120   -129.055332   -129.177267      0.178526      1.103068      1.508434     12.678511      0.479426    207.63187
   299   121   -128.304593   -129.055332      0.215308      1.038237      1.641754     10.920362      0.572133    191.10441
   300   122   -128.831657   -128.304593      0.246551      1.055121      1.764214     11.353270      0.582731    174.89965
   301   123   -128.823081   -128.831657      0.227409      1.295508      1.688141     19.747328      0.612798    234.38133
   302   124   -128.555956   -128.823081      0.206780      1.159349      1.609829     14.432748      0.482333    194.48106
   304   125   -129.350675   -128.555956      0.170671      0.989671      1.481396      9.764972      0.504073    204.46394
   306   126   -129.145502   -129.350675      0.189265      0.940096      1.546197      8.711560      0.555981    193.67098
   309   127   -129.309275   -129.145502      0.179586      1.137043      1.512120     13.710190      0.586303    235.20282
   310   128   -128.729057   -129.309275      0.196749      1.224172      1.573073     16.756076      0.464561    205.68168
   313   129   -128.470539   -128.729057      0.197482      1.000599      1.575730     10.013800      0.615371    206.87258
   319   130   -128.546337   -128.470539      0.215611      0.981906      1.642901      9.591923      0.665112    201.55691
   321   131   -127.623499   -128.546337      0.236640      1.183805      1.724407     15.268813      0.573582    197.57599
   322   132   -128.619127   -127.623499      0.226147      1.340042      1.683245     21.879717      0.576077    231.44652
   323   133   -127.958784   -128.619127      0.215687      1.143221      1.643188     13.906588      0.605067    213.91122
   325   134   -128.187763   -127.958784      0.203159      1.135169      1.596462     13.651133      0.589369    217.80913
   328   135   -130.424291   -128.187763      0.222283      0.911867      1.668334      8.163327      0.560489    169.22236
   336   136   -128.984552   -130.424291      0.213370      1.052420      1.634443     11.282881      0.508560    182.46330
   338   137   -128.207270   -128.984552      0.208570      1.075606      1.616480     11.901608      0.546630    195.66489
   342   138   -128.273628   -128.207270      0.200143      1.171764      1.585415     14.851272      0.566295    220.06240
   345   139   -128.325754   -128.273628      0.220115      1.267948      1.660025     18.533101      0.585549    226.34707
   346   140   -127.839849   -128.325754      0.216088      1.204560      1.644705     16.016235      0.551129    209.53179
   347   141   -128.013898   -127.839849      0.225740      1.237557      1.681668     17.280544      0.501835    195.17934
   350   142   -130.113666   -128.013898      0.207503      1.085619      1.612513     12.179220      0.439901    178.77486
   352   143   -128.290456   -130.113666      0.198781      1.206080      1.580449     16.072361      0.527710    216.56164
   353   144   -127.990351   -128.290456      0.211590      1.116564      1.627759     13.078669      0.602395    211.87195
   355   145   -128.140430   -127.990351      0.251894      1.327706      1.786050     21.266972      0.617539    223.77579
   356   146   -128.250993   -128.140430      0.263135      1.187085      1.832884     15.384550      0.701100    214.91740
   358   147   -129.784346   -128.250993      0.254133      1.244660      1.795283     17.565483      0.720084    239.77422
   359   148   -128.349977   -129.784346      0.227453      1.011259      1.688312     10.262646      0.632807    191.27902
   361   149   -127.863841   -128.349977      0.244283      1.116700      1.755026     13.082773      0.606020    190.06976
   362   150   -128.005271   -127.863841      0.272654      1.298432      1.873499     19.880727      0.658381    216.84217
   369   151   -128.117424   -128.005271      0.254894      1.233179      1.798433     17.107212      0.528390    181.27427
   370   152   -128.461234   -128.117424      0.213860      1.105476      1.636289     12.748984      0.655996    221.85121
   377   153   -128.184985   -128.461234      0.236040      1.049291      1.722027     11.201891      0.676393    201.25201
   381   154   -127.968786   -128.184985      0.259580      1.114178      1.817942     13.007036      0.673324    195.88897
   383   155   -127.770087   -127.968786      0.285598      1.250826      1.930179     17.816641      0.667788    201.75729
   384   156   -127.650778   -127.770087      0.258344      1.192501      1.812776     15.577620      0.599246    190.70538
   387   157   -127.646720   -127.650778      0.260345      1.410251      1.821149     25.718831      0.557487    212.04645
   391   158   -127.626100   -127.646720      0.239682      1.207191      1.736529     16.113542      0.559958    195.55353
   393   159   -127.668864   -127.626100      0.237458      1.269446      1.727659     18.597137      0.579754    212.16319
   397   160   -127.981843   -127.668864      0.242659      1.104997      1.748474     12.734936      0.597374    187.43041
   403   161   -128.106616   -127.981843      0.230667      1.120756      1.700853     13.205535      0.549190    187.09859
   404   162   -128.009664   -128.106616      0.221506      1.212467      1.665350     16.310483      0.597472    219.24618
   406   163   -128.399495   -128.009664      0.259067      1.189506      1.815794     15.470565      0.543108    176.27086
   407   164   -129.657282   -128.399495      0.262722      1.034245      1.831143     10.820444      0.602294    165.90360
   409   165   -128.096600   -129.657282      0.241673      1.059926      1.744507     11.479581      0.663245    196.13230
   411   166   -128.458480   -128.096600      0.229199      1.130206      1.695114     13.496025      0.679533    221.64185
   415   167   -129.139190   -128.458480      0.231465      1.114345      1.703980     13.012036      0.497130    175.51005
   416   168   -129.266104   -129.139190      0.206251      1.141649      1.607869     13.856363      0.452444    187.25040
   419   169   -127.962604   -129.266104      0.224007      1.286393      1.674970     19.337161      0.498766    202.07671
   422   170   -128.502196   -127.962604      0.190434      1.163292      1.550366     14.564392      0.504964    211.51397
   423   171   -128.119083   -128.502196      0.220263      1.300184      1.660592     19.961076      0.549945    220.98596
   424   172   -128.350746   -128.119083      0.192397      1.079325      1.557389     12.003963      0.579162    214.65878
   429   173   -129.491461   -128.350746      0.191227      0.884653      1.553197      7.667491      0.609814    194.14869
   432   174   -128.472972   -129.491461      0.231666      1.044736      1.704770     11.085012      0.704032    210.16490
   436   175   -128.407354   -128.472972      0.236018      1.017141      1.721939     10.402571      0.689294    198.72925
   437   176   -129.036988   -128.407354      0.192687      1.031262      1.558429     10.746366      0.661347    225.55069
   441   177   -128.037312   -129.036988      0.203956      1.137419      1.599395     13.722066      0.558511    210.14528
   442   178   -129.524288   -128.037312      0.208423      1.129418      1.615932     13.471564      0.683190    237.91026
   443   179   -128.286321   -129.524288      0.197146      1.140637      1.574512     13.824091      0.570730    218.54502
   444   180   -128.017714   -128.286321      0.220048      1.260022      1.659770     18.197939      0.566193    219.37895
   445   181   -127.948449   -128.017714      0.243118      1.289296      1.750321     19.466868      0.502390    190.09117
   453   182   -127.818609   -127.948449      0.266597      1.427079      1.847555     26.734937      0.497727    191.19990
   455   183   -127.963127   -127.818609      0.253909      1.353035      1.794357     22.544210      0.494082    188.91371
   456   184   -128.521477   -127.963127      0.244832      1.150338      1.757242     14.136379      0.530515    177.66507
   458   185   -128.829097   -128.521477      0.203424      1.360965      1.597437     22.959653      0.466801    218.66587
   461   186   -130.257842   -128.829097      0.197251      1.508571      1.574894     32.253066      0.411838    226.42566
   462   187   -129.932895   -130.257842      0.237477      1.691977      1.727736     49.201313      0.454726    235.09610
   465   188   -127.880470   -129.932895      0.251700      1.434948      1.785254     27.223773      0.486599    199.19184
   466   189   -127.522554   -127.880470      0.274373      1.419076      1.880933     26.246785      0.533772    195.87590
   471   190   -128.188292   -127.522554      0.255508      1.507157      1.800976     32.148192      0.459801    197.79857
   474   191   -131.216511   -128.188292      0.289975      1.289145      1.949731     19.460090      0.469948    153.11006
   475   192   -130.986922   -131.216511      0.255245      1.276479      1.799886     18.900754      0.419880    162.66849
   476   193   -129.102865   -130.986922      0.215789      1.481763      1.643574     30.322377      0.467841    226.22170
   478   194   -128.620370   -129.102865      0.217453      1.385729      1.649881     24.306844      0.449821    206.75269
   481   195   -128.972759   -128.620370      0.255190      1.623557      1.799658     42.029776      0.502304    230.34128
   485   196   -128.949938   -128.972759      0.282075      1.671476      1.914586     46.932696      0.421129    186.89007
   486   197   -127.600428   -128.949938      0.318358      1.561899      2.081413     36.466897      0.555704    195.96285
   489   198   -128.088516   -127.600428      0.343066      1.821714      2.203263     66.330626      0.497084    195.54751
   501   199   -128.240878   -128.088516      0.372830      1.563015      2.359556     36.560766      0.651776    197.96624
   507   200   -128.629998   -128.240878      0.343972      1.325742      2.207863     21.171026      0.668391    178.03855
   510   201   -128.846774   -128.629998      0.351009      1.364071      2.243929     23.124442      0.643907    172.71509
   512   202   -128.775618   -128.846774      0.361137      1.352760      2.296872     22.529920      0.707604    185.25115
   513   203   -128.804416   -128.775618      0.321353      1.429250      2.095816     26.868925      0.694993    222.93747
   514   204   -128.010656   -128.804416      0.281139      1.219772      1.910463     16.587153      0.693790    206.76953
   521   205   -128.226095   -128.010656      0.283748      1.155089      1.921974     14.291855      0.716438    199.00562
   522   206   -129.820271   -128.226095      0.321986      1.108567      2.098871     12.840070      0.734098    170.94856
   524   207   -131.425002   -129.820271      0.355083      1.071653      2.265076     11.793772      0.876866    181.54283
   527   208   -130.280254   -131.425002      0.380739      1.247281      2.402917     17.671822      0.794735    180.31995
   530   209   -130.203455   -130.280254      0.353123      1.386434      2.254878     24.346334      0.785260    226.96806
   531   210   -131.024430   -130.203455      0.385118      1.415861      2.427270     26.053222      0.820849    227.20307
   532   211   -130.824779   -131.024430      0.386499      1.426698      2.435002     26.711486      0.812298    225.44492
   533   212   -130.231634   -130.824779      0.357212      1.235628      2.276207     17.203947      0.839269    207.21810
   537   213   -129.130584   -130.231634      0.325709      1.186658      2.116943     15.369433      0.781474    197.36158
   538   214   -130.544998   -129.130584      0.351725      1.177295      2.247630     15.041619      0.723655    163.06222
   540   215   -134.140649   -130.544998      0.379480      1.179037      2.395960     15.102081      0.687265    139.21443
   544   216   -129.213446   -134.140649      0.371031      1.329589      2.349798     21.359404      0.742379    186.26383
   546   217   -128.274866   -129.213446      0.357656      1.436751      2.278539     27.336993      0.666098    189.08232
   551   218   -128.241185   -128.274866      0.362420      1.484970      2.303667     30.547068      0.641343    185.94512
   554   219   -128.355083   -128.241185      0.346838      1.493745      2.222480     31.170594      0.581520    175.94565
   556   220   -128.467718   -128.355083      0.308197      1.237955      2.033279     17.296382      0.633224    174.94093
   559   221   -128.286386   -128.467718      0.266071      1.401394      1.845315     25.199623      0.478492    182.70079
   560   222   -127.959757   -128.286386      0.229383      1.142999      1.695831     13.899506      0.546569    190.37841
   565   223   -128.685282   -127.959757      0.263131      1.320520      1.832866     20.917989      0.482644    175.85669
   566   224   -129.879177   -128.685282      0.284897      1.081040      1.927066     12.051473      0.618396    162.09599
   567   225   -128.319407   -129.879177      0.274716      1.326327      1.882416     21.199548      0.664110    222.88369
   571   226   -128.765743   -128.319407      0.250810      1.561479      1.781600     36.431628      0.517273    229.51060
   573   227   -127.464959   -128.765743      0.287557      1.427468      1.938909     26.758865      0.557331    195.81112
   577   228   -127.565280   -127.464959      0.247285      1.235414      1.767198     17.195476      0.606078    207.08345
   578   229   -127.533639   -127.565280      0.282340      1.365448      1.915756     23.197881      0.609701    206.36554
   579   230   -127.657152   -127.533639      0.316528      1.408273      2.072659     25.601932      0.611258    191.34081
   582   231   -127.618944   -127.657152      0.321528      1.550182      2.096660     35.496199      0.579784    201.08211
   587   232   -128.392060   -127.618944      0.357388      1.437666      2.277129     27.394680      0.642233    180.95971
   590   233   -128.084049   -128.392060      0.317646      1.341079      2.078004     21.932020      0.611343    179.42582
   602   234   -128.463943   -128.084049      0.361047      1.538935      2.296400     34.588789      0.673519    210.07275
   603   235   -129.083487   -128.463943      0.346648      1.659454      2.221508     45.651341      0.635693    228.45039
   604   236   -127.796889   -129.083487      0.334473      1.673433      2.160096     47.144714      0.531730    193.49610
   609   237   -128.025223   -127.796889      0.341721      1.754371      2.196449     56.802959      0.548788    209.25242
   611   238   -127.578610   -128.025223      0.301783      1.541108      2.003470     34.762262      0.535640    196.44323
   613   239   -128.918104   -127.578610      0.271178      1.325690      1.867143     21.168504      0.681098    231.31656
   615   240   -128.943242   -128.918104      0.263831      1.444727      1.835823     27.843708      0.611795    235.35567
   621   241   -127.738731   -128.943242      0.291643      1.478965      1.957235     30.127627      0.589909    213.15122
   626   242   -127.689279   -127.738731      0.293029      1.278277      1.963494     18.979164      0.626877    189.42392
   627   243   -127.943253   -127.689279      0.253954      1.234404      1.794542     17.155540      0.652962    216.03707
   629   244   -128.101694   -127.943253      0.289286      1.211462      1.946641     16.272772      0.623729    179.98378
   633   245   -131.032059   -128.101694      0.271481      1.375420      1.868447     23.736663      0.709749    253.10246
   634   246   -128.745742   -131.032059      0.296750      1.439831      1.980386     27.531559      0.658840    228.46933
   636   247   -128.552678   -128.745742      0.307962      1.195486      2.032177     15.685044      0.743406    199.08489
   638   248   -129.102009   -128.552678      0.313932      1.154561      2.060306     14.274490      0.783899    198.76177
   643   249   -129.557711   -129.102009      0.270666      1.056495      1.864945     11.389238      0.809524    213.39603
   650   250   -129.623216   -129.557711      0.231174      0.995846      1.702841      9.904797      0.779646    219.83554
   652   251   -129.525650   -129.623216      0.208118      0.885812      1.614798      7.687972      0.690136    196.62798
   655   252   -131.343301   -129.525650      0.204800      0.977526      1.602509      9.495687      0.805293    241.73915
   656   253   -131.816892   -131.343301      0.245273      1.182531      1.759028     15.224068      0.788036    254.86563
   658   254   -128.756927   -131.816892      0.235340      1.075297      1.719256     11.893163      0.723886    218.56833
   660   255   -132.094431   -128.756927      0.255822      0.856556      1.802277      7.187133      0.669437    158.66469
   661   256   -128.811297   -132.094431      0.266399      1.027941      1.846713     10.664501      0.701680    183.38722
   663   257   -128.620302   -128.811297      0.236778      0.989440      1.724954      9.759785      0.669757    189.38600
   664   258   -128.558494   -128.620302      0.253527      1.146362      1.792778     14.007540      0.718490    218.55809
   667   259   -128.275089   -128.558494      0.291159      1.328632      1.955055     21.312367      0.682602    218.14828
   668   260   -127.538213   -128.275089      0.296710      1.371168      1.980207     23.505412      0.619003    200.65124
   671   261   -127.635679   -127.538213      0.318291      1.487843      2.081090     30.749822      0.606118    202.34160
   674   262   -127.873712   -127.635679      0.288188      1.378596      1.941728     23.910903      0.537811    182.01457
   675   263   -128.075081   -127.873712      0.281125      1.469113      1.910401     29.451883      0.596852    221.51801
   685   264   -127.499780   -128.075081      0.280197      1.407688      1.906327     25.567501      0.545636    193.95434
   687   265   -128.194787   -127.499780      0.318101      1.460474      2.080181     28.871796      0.543968    176.51449
   690   266   -128.958834   -128.194787      0.308737      1.503139      2.035811     31.852195      0.485418    169.98648
   691   267   -127.495704   -128.958834      0.269180      1.386927      1.858573     24.374020      0.539983    196.54158
   692   268   -127.680059   -127.495704      0.288873      1.362446      1.944792     23.038084      0.559310    185.55028
   693   269   -127.997499   -127.680059      0.245907      1.184449      1.761599     15.291469      0.661958    214.99810
   695   270   -128.614187   -127.997499      0.250397      1.302287      1.779906     20.057962      0.647697    230.11161
   700   271   -128.995538   -128.614187      0.209876      1.051582      1.621346     11.261132      0.695889    225.04357
   704   272   -128.940112   -128.995538      0.249809      0.983884      1.777496      9.635710      0.731570    193.25386
   705   273   -128.213665   -128.940112      0.219277      1.048437      1.656826     11.179866      0.657411    208.28175
   706   274   -128.961850   -128.213665      0.259997      1.036050      1.819687     10.865506      0.635841    174.47065
   707   275   -128.762769   -128.961850      0.301135      1.283867      2.000483     19.225044      0.731594    218.74590
   708   276   -128.955781   -128.762769      0.344153      1.460476      2.208782     28.871929      0.709597    219.77991
   711   277   -129.638615   -128.955781      0.384143      1.527720      2.421829     33.706967      0.738251    219.81558
   712   278   -129.098035   -129.638615      0.373016      1.356295      2.360566     22.714098      0.738190    189.10807
   715   279   -128.280262   -129.098035      0.372776      1.589034      2.359262     38.818075      0.651065    202.81819
   716   280   -128.393292   -128.280262      0.384810      1.630952      2.425549     42.751576      0.649730    202.53026
   717   281   -128.221120   -128.393292      0.374428      1.661003      2.368253     45.814461      0.626059    204.86003
   718   282   -129.003856   -128.221120      0.402603      1.627239      2.526986     42.387590      0.611582    174.52387
   722   283   -128.883660   -129.003856      0.441789      1.854679      2.765595     71.561460      0.604825    186.83290
   730   284   -128.511758   -128.883660      0.408647      1.990948      2.562401     97.937377      0.547726    203.35216
   734   285   -128.628125   -128.511758      0.369329      1.873729      2.340609     74.770245      0.562985    218.03216
   739   286   -129.774363   -128.628125      0.410273      1.620775      2.572011     41.761404      0.601821    165.11299
   741   287   -129.167722   -129.774363      0.429066      1.769360      2.685751     58.797665      0.595321    175.53891
   745   288   -131.013117   -129.167722      0.400866      1.632143      2.516897     42.868942      0.745459    236.83071
   746   289   -128.155112   -131.013117      0.361805      1.563921      2.300409     36.637067      0.646548    203.30152
   749   290   -128.130064   -128.155112      0.339282      1.396953      2.184147     24.943230      0.636496    183.21130
   750   291   -129.278807   -128.130064      0.368991      1.332460      2.338790     21.501068      0.766376    196.53593
   754   292   -129.286159   -129.278807      0.370340      1.333948      2.346067     21.574854      0.710864    177.04205
   756   293   -128.835297   -129.286159      0.373372      1.440609      2.362500     27.580960      0.723342    201.23229
   758   294   -129.163666   -128.835297      0.333734      1.334957      2.156421     21.625064      0.755961    216.59721
   761   295   -127.877213   -129.163666      0.316018      1.351227      2.070226     22.450543      0.618512    184.33812
   763   296   -128.900159   -127.877213      0.279210      1.589495      1.901996     38.859259      0.566812    233.21559
   765   297   -129.148903   -128.900159      0.293499      1.681385      1.965616     48.015926      0.555821    234.61618
   767   298   -128.203159   -129.148903      0.335943      1.842790      2.167421     69.629024      0.480050    195.84626
   770   299   -128.666200   -128.203159      0.343941      1.970792      2.207707     93.495733      0.489561    214.30208
   773   300   -129.177029   -128.666200      0.377974      2.033004      2.387669    107.895646      0.450211    180.04242
   775   301   -129.339700   -129.177029      0.398417      1.877189      2.502749     75.368406      0.502823    170.30511
   778   302   -129.531200   -129.339700      0.386600      1.947800      2.435567     88.674757      0.581149    229.70049
   783   303   -129.955177   -129.531200      0.401777      2.093091      2.522187    123.905681      0.445855    170.48813
   784   304   -131.368592   -129.955177      0.366667      1.932912      2.326308     85.686347      0.411082    158.37918
   786   305   -131.253351   -131.368592      0.339892      2.141307      2.187218    138.454484      0.358559    174.35437
   789   306   -130.072815   -131.253351      0.315058      2.136501      2.065658    136.930820      0.378662    200.39155
   790   307   -129.222196   -130.072815      0.350530      2.136659      2.241456    136.980615      0.451651    214.17732
   793   308   -128.462459   -129.222196      0.335451      1.876726      2.164964     75.288079      0.459195    191.59757
   794   309   -128.395174   -128.462459      0.372153      1.828266      2.355877     67.338836      0.510668    183.28317
   795   310   -128.763751   -128.395174      0.411361      1.637097      2.578466     43.360809      0.651044    187.05242
   799   311   -128.724140   -128.763751      0.409715      1.682950      2.568710     48.189235      0.661497    201.77056
   803   312   -129.968407   -128.724140      0.403295      1.445268      2.531015     27.878442      0.681020    168.02968
   805   313   -128.932187   -129.968407      0.369732      1.390411      2.342781     24.570311      0.680575    177.94455
   807   314   -128.456006   -128.932187      0.333771      1.405818      2.156604     25.457641      0.700857    211.55084
   810   315   -129.895156   -128.456006      0.357771      1.370241      2.279139     23.455293      0.612913    160.29690
   814   316   -129.244462   -129.895156      0.397119      1.449219      2.495277     28.133220      0.710248    182.95512
   815   317   -129.042303   -129.244462      0.419560      1.651562      2.627602     44.829355      0.639615    179.79622
   816   318   -129.078227   -129.042303      0.384125      1.606538      2.421724     40.414576      0.578316    169.61686
   818   319   -129.048857   -129.078227      0.410696      1.595427      2.574519     39.393705      0.702367    201.33643
   822   320   -131.808708   -129.048857      0.411535      1.852232      2.579495     71.159313      0.682662    249.19501
   825   321   -129.237119   -131.808708      0.428557      1.744481      2.682604     55.524096      0.678262    210.13053
   827   322   -129.558136   -129.237119      0.461689      1.903584      2.895273     80.091032      0.659760    212.04447
   829   323   -130.283614   -129.558136      0.421474      1.698127      2.639213     49.903056      0.575419    160.50307
   831   324   -130.877863   -130.283614      0.419478      1.917880      2.627111     82.771307      0.651506    240.33066
   832   325   -128.666619   -130.877863      0.413416      1.692093      2.590693     49.214505      0.630374    187.09672
   833   326   -128.487029   -128.666619      0.412618      1.829990      2.585938     67.606817      0.577525    188.04580
   839   327   -129.148986   -128.487029      0.409329      1.855384      2.566426     71.677720      0.530515    172.63384
   841   328   -128.073938   -129.148986      0.370231      1.813466      2.345477     65.082789      0.552690    201.51613
   848   329   -128.632042   -128.073938      0.396660      1.904981      2.492640     80.349101      0.578606    212.80216
   849   330   -128.170318   -128.632042      0.363527      1.810261      2.309547     64.604202      0.558920    208.58777
   850   331   -128.314192   -128.170318      0.394415      1.919715      2.479788     83.121905      0.534301    193.96895
   854   332   -128.369528   -128.314192      0.382839      1.839419      2.414564     69.090570      0.577563    209.68856
   858   333   -128.349753   -128.369528      0.379875      1.840501      2.398140     69.263027      0.573477    209.88038
   859   334   -128.902566   -128.349753      0.419798      1.869383      2.629043     74.025718      0.620184    212.06261
   861   335   -128.712470   -128.902566      0.416156      1.938802      2.607090     86.856393      0.534600    182.97364
   863   336   -128.197328   -128.712470      0.377087      1.687894      2.382797     48.740907      0.573509    185.14185
   864   337   -128.857364   -128.197328      0.355949      1.794197      2.269599     62.258215      0.479012    175.50334
   868   338   -129.036043   -128.857364      0.319611      1.667085      2.087426     46.460609      0.455893    173.73038
   869   339   -128.852601   -129.036043      0.309312      1.840341      2.038507     69.237439      0.500634    224.24552
   871   340   -128.881802   -128.852601      0.287523      1.671996      1.938757     46.988977      0.541693    230.98069
   872   341   -127.588292   -128.881802      0.307592      1.556173      2.030450     35.989264      0.557492    203.04795
   874   342   -127.756609   -127.588292      0.331016      1.542324      2.142971     34.859756      0.565421    188.02523
   876   343   -130.646751   -127.756609      0.364479      1.552437      2.314615     35.681035      0.521601    154.12965
   878   344   -132.494716   -130.646751      0.380896      1.532803      2.403789     34.103781      0.523701    143.24713
   880   345   -128.339676   -132.494716      0.371057      1.502195      2.349943     31.783041      0.651411    187.38860
   881   346   -127.970373   -128.339676      0.342802      1.460525      2.201923     28.875224      0.619505    186.21503
   885   347   -127.680175   -127.970373      0.333706      1.587291      2.156283     38.662560      0.572196    196.22339
   887   348   -127.714218   -127.680175      0.304411      1.505521      2.015629     32.027349      0.531500    187.83162
   890   349   -128.908766   -127.714218      0.270715      1.577601      1.865156     37.809465      0.557472    233.49248
   891   350   -129.635993   -128.908766      0.237135      1.654317      1.726373     45.114566      0.394565    207.74076
   893   351   -132.050258   -129.635993      0.207306      1.676243      1.611780     47.450743      0.450107    255.30852
   894   352   -130.035374   -132.050258      0.226353      1.679129      1.684041     47.767092      0.415423    226.44495
   895   353   -130.304558   -130.035374      0.212352      1.489984      1.630616     30.901787      0.374761    202.44628
   897   354   -128.536309   -130.304558      0.248835      1.475178      1.773517     29.866051      0.441395    192.93054
   899   355   -129.564356   -128.536309      0.266711      1.699190      1.848040     50.025291      0.391157    190.37701
   900   356   -130.293371   -129.564356      0.304723      1.567527      2.017081     36.942566      0.429499    163.41209
   903   357   -128.628899   -130.293371      0.325190      1.716812      2.114413     52.096970      0.464771    179.55321
   904   358   -128.282567   -128.628899      0.325932      1.641668      2.118032     43.819543      0.495300    180.41229
   907   359   -128.481432   -128.282567      0.292825      1.519906      1.962567     33.105981      0.473812    178.62912
   909   360   -128.405578   -128.481432      0.272870      1.326599      1.874432     21.212832      0.506294    176.25959
   911   361   -127.816180   -128.405578      0.250579      1.364048      1.780650     23.123214      0.499163    194.03684
   912   362   -128.339098   -127.816180      0.286695      1.384025      1.935061     24.211674      0.510749    176.01214
   915   363   -128.663094   -128.339098      0.276003      1.380078      1.888006     23.992662      0.483174    174.88935
   916   364   -128.301584   -128.663094      0.316022      1.640084      2.070245     43.660066      0.580379    221.35877
   918   365   -129.383466   -128.301584      0.358819      1.546325      2.284649     35.182330      0.544557    164.00459
   920   366   -129.468383   -129.383466      0.335039      1.806184      2.162915     64.000556      0.571881    234.98275
   921   367   -130.216545   -129.468383      0.312669      1.714485      2.054326     51.818491      0.595275    245.48631
   922   368   -127.779328   -130.216545      0.334491      1.598453      2.160185     39.669167      0.589983    204.82092
   923   369   -127.819481   -127.779328      0.321111      1.689759      2.094648     48.950671      0.511991    197.00268
   924   370   -127.564870   -127.819481      0.293198      1.528312      1.964254     33.752996      0.544679    203.63123
   926   371   -127.602218   -127.564870      0.274193      1.387255      1.880153     24.392444      0.595130    211.01059
   927   372   -127.973631   -127.602218      0.235598      1.291359      1.720276     19.559549      0.591135    220.64458
   931   373   -130.090124   -127.973631      0.248791      1.085276      1.773336     12.169580      0.509871    163.67545
   932   374   -129.548020   -130.090124      0.227057      1.175499      1.686775     14.979552      0.451435    176.60171
   933   375   -127.715725   -129.548020      0.254217      1.350637      1.795630     22.420065      0.512224    193.37131
   938   376   -128.895402   -127.715725      0.251764      1.306538      1.785519     20.255248      0.658116    233.51909
   940   377   -129.730725   -128.895402      0.221105      1.154834      1.663814     14.283467      0.704679    239.87951
   944   378   -128.511825   -129.730725      0.187302      1.031272      1.539224     10.746621      0.564172    208.30539
   945   379   -130.204373   -128.511825      0.178285      0.833361      1.507597      6.813360      0.601720    195.65743
   947   380   -130.555988   -130.204373      0.138877      0.960650      1.376818      9.133772      0.524672    228.63648
   949   381   -129.762125   -130.555988      0.172705      1.052866      1.488349     11.294475      0.451352    201.62646
   950   382   -129.687523   -129.762125      0.196634      1.236360      1.572657     17.232977      0.414567    196.87937
   952   383   -131.402975   -129.687523      0.196427      1.344259      1.571907     22.093208      0.352863    195.66901
   953   384   -133.992550   -131.402975      0.166272      1.124786      1.466467     13.328655      0.317093    196.27508
   954   385   -133.648658   -133.992550      0.133008      1.099180      1.358339     12.565495      0.350782    223.42486
   955   386   -135.952672   -133.648658      0.097977      0.845933      1.253075      7.013477      0.364883    234.09003
   956   387   -137.072832   -135.952672      0.080351      0.919724      1.203237      8.312344      0.383521    256.46383
   957   388   -136.555760   -137.072832      0.077447      0.731786      1.195217      5.392443      0.480067    250.65415
   958   389   -134.485634   -136.555760      0.120177      0.722115      1.318796      5.273699      0.408789    209.37588
   959   390   -133.859840   -134.485634      0.143989      0.900980      1.393121      7.961234      0.354178    200.27630
   963   391   -129.702933   -133.859840      0.157542      1.060168      1.437282     11.485971      0.489890    220.28143
   965   392   -129.503973   -129.702933      0.193899      1.202347      1.562784     15.934799      0.426845    197.65329
   966   393   -127.629447   -129.503973      0.235611      1.255285      1.720329     18.000519      0.574791    209.75145
   970   394   -128.125072   -127.629447      0.256715      1.418101      1.805988     26.187950      0.579788    223.75597
   971   395   -127.895718   -128.125072      0.251574      1.459825      1.784738     28.828729      0.523401    214.80673
   973   396   -127.603635   -127.895718      0.247202      1.283033      1.766859     19.188160      0.536870    195.41420
   975   397   -127.529810   -127.603635      0.251012      1.219050      1.782429     16.559598      0.584892    196.03264
   977   398   -127.673782   -127.529810      0.243368      1.155961      1.751329     14.320600      0.627891    202.35054
   981   399   -128.321917   -127.673782      0.215095      1.123688      1.640948     13.294991      0.643046    220.83078
   982   400   -127.666588   -128.321917      0.249386      1.291743      1.775768     19.576855      0.599094    213.18366
   983   401   -128.542826   -127.666588      0.292341      1.194421      1.960382     15.646643      0.614860    173.16295
   984   402   -128.572763   -128.542826      0.276102      1.081499      1.888434     12.064212      0.680532    181.32272
   987   403   -128.584396   -128.572763      0.274441      1.109511      1.881227     12.867995      0.632841    175.70809
   990   404   -128.876629   -128.584396      0.291651      1.115650      1.957270     13.051177      0.666781    173.96170
   991   405   -127.971294   -128.876629      0.298657      1.363155      1.989102     23.075703      0.661870    212.58630
   992   406   -127.925292   -127.971294      0.256405      1.285462      1.804698     19.295760      0.634354    218.09325
   994   407   -128.344923   -127.925292      0.223802      1.026476      1.674181     10.628587      0.676716    205.85245
   995   408   -128.866713   -128.344923      0.181345      0.997542      1.518258      9.943552      0.536995    203.13310
   998   409   -130.679401   -128.866713      0.179626      1.190541      1.512259     15.507459      0.615512    252.64545
   999   410   -131.451823   -130.679401      0.179312      1.394400      1.511164     24.797064      0.512285    256.76837
