3.831279956549406052e+02 1.269065036803107888e-15 2.895925777257601261e-18
3.848970787972211838e+02 1.260370316142164440e-15 2.908567549553881019e-18
3.866496026515960693e+02 1.271149498382558105e-15 2.930468378288391104e-18
3.884035668522119522e+02 1.266699312466500607e-15 2.930724519278522260e-18
3.901576738804578781e+02 1.257953804517903795e-15 2.884743602999465371e-18
3.919117822498083115e+02 1.261771151772286642e-15 2.928063891376562841e-18
3.936491871625185013e+02 1.263798871497954515e-15 2.893768294845678634e-18
3.954031513631343842e+02 1.262891976340790727e-15 2.895795992908235659e-18
3.971572583913803101e+02 1.265761060611242846e-15 2.908173210431577874e-18
3.989280702173709869e+02 1.266076888270614181e-15 2.934156370748959998e-18
4.006985930353403091e+02 1.270517893311505325e-15 2.879580180528509173e-18
4.024527000635862350e+02 1.252933156518269558e-15 2.884016286796863726e-18
4.042066656053066254e+02 1.261405518805912428e-15 2.906272469937428063e-18
4.059609181433916092e+02 1.258803429179751145e-15 2.911863927746371685e-18
4.077148810029029846e+02 1.254816354030151143e-15 2.852994210223486777e-18
4.094689887017011642e+02 1.258040729248715985e-15 2.895926814971015344e-18
4.112229529023170471e+02 1.253848646155886822e-15 2.855281860060315984e-18
4.129770606011152267e+02 1.246575576130031061e-15 2.861236232826734848e-18
4.147311682999134064e+02 1.258231831219081782e-15 2.891034969107924727e-18
4.164852759987115860e+02 1.258276123420720894e-15 2.889651162777178161e-18
4.182393843680620193e+02 1.257009902603015478e-15 2.877791143254976002e-18
4.199934934079647064e+02 1.260207817922492621e-15 2.877447416267796841e-18
4.217474562674760818e+02 1.257886893826504501e-15 2.899923110066338006e-18
4.235015639662742615e+02 1.256389364193933847e-15 2.859903428982462203e-18
4.252559600025415421e+02 1.253847287851638444e-15 2.864716453447966648e-18
4.270102111995220184e+02 1.260625791973305089e-15 2.876472614905771817e-18
4.287641760706901550e+02 1.263905212289953888e-15 2.878114895330573689e-18
4.305184272676706314e+02 1.256581568486252948e-15 2.884398753192838701e-18
4.322723914682865143e+02 1.254994970802615483e-15 2.869033402314100445e-18
4.340264991670846939e+02 1.261958967629726685e-15 2.862170475777186804e-18
4.357636164128780365e+02 1.262389076081301462e-15 2.878495490264399109e-18
4.375177247822284698e+02 1.261603589694955943e-15 2.871617511795635398e-18
4.392719773203134537e+02 1.255975644623215916e-15 2.862525338445319754e-18
4.410260836780071259e+02 1.257788758299793038e-15 2.857329757726463779e-18
4.427801913768053055e+02 1.256336528354135056e-15 2.850847632952338782e-18
4.445342997461557388e+02 1.267454515495338277e-15 2.857936227413431673e-18
4.462884074449539185e+02 1.260045908796118762e-15 2.878527954052996043e-18
4.480425151437520981e+02 1.255746228819490986e-15 2.865531765471807783e-18
4.497964786738157272e+02 1.263630691850817823e-15 2.844673383438728665e-18
4.515507312119007111e+02 1.266201112824429246e-15 2.890822354447690621e-18
4.532879926264286041e+02 1.265049771076592949e-15 2.852637363169453576e-18
4.550419554859399796e+02 1.264583742874126600e-15 2.868175938400196583e-18
4.567962073534727097e+02 1.264500767232022962e-15 2.860036407014032384e-18
4.585503157228231430e+02 1.263181551395465028e-15 2.921894950803968045e-18
4.603038474172353745e+02 1.266818816526941217e-15 2.856961863304110002e-18
4.620562271028757095e+02 1.264327785011120554e-15 2.850146518419314710e-18
4.638087509572505951e+02 1.259190332404068396e-15 2.826712375045714716e-18
4.655612748116254807e+02 1.264106150585835568e-15 2.858703653177224850e-18
4.673137993365526199e+02 1.271116786634167788e-15 2.859673567597627440e-18
4.690661790221929550e+02 1.275146744969770670e-15 2.855562314277699255e-18
4.708187035471200943e+02 1.245991094331878949e-15 2.815936346438668789e-18
4.725713708996772766e+02 1.263111086819807574e-15 2.848288368511238670e-18
4.743237499147653580e+02 1.271628637942632581e-15 2.857323400253184927e-18
4.760761309415102005e+02 1.279986307269298607e-15 2.862907141761489047e-18
4.778292308002710342e+02 1.272371014585130575e-15 2.841744761809360398e-18
4.795834819972515106e+02 1.267409948613098346e-15 2.844875927882360642e-18
4.813374461978673935e+02 1.272207029801407187e-15 2.841074679343081729e-18
4.830915538966655731e+02 1.274285056386161679e-15 2.852929182848433095e-18
4.848456615954637527e+02 1.277129164737242325e-15 2.853935343000490002e-18
4.866166162490844727e+02 1.275879326700855563e-15 2.855673439630129666e-18
4.883540211617946625e+02 1.272823963116110542e-15 2.847476967048445027e-18
4.901079860329627991e+02 1.273155891267583033e-15 2.862322996760541263e-18
4.918619495630264282e+02 1.275665243875577336e-15 2.842474912600937403e-18
4.936160565912723541e+02 1.278731537234025974e-15 2.869775204575528708e-18
4.953700207918882370e+02 1.280689885354493907e-15 2.863903774568886010e-18
4.971241284906864166e+02 1.280511675277866856e-15 2.872919385693708605e-18
4.988783810287714005e+02 1.284579363462418170e-15 2.863128658829973563e-18
5.006324880570173264e+02 1.273616083513580646e-15 2.857694830916651694e-18
5.023851567506790161e+02 1.278964761549792694e-15 2.854508415781426038e-18
5.041376799345016479e+02 1.275800109414355308e-15 2.847363337835342892e-18
5.058902031183242798e+02 1.276450620896738178e-15 2.872879565020564669e-18
5.076427276432514191e+02 1.278794487140518846e-15 2.872168720639484826e-18
5.093953956663608551e+02 1.289826987311452824e-15 2.887991308056058465e-18
5.111477760225534439e+02 1.285058358330490397e-15 2.859561347746535486e-18
5.129003005474805832e+02 1.278749972070164215e-15 2.856982508891359851e-18
5.146526788920164108e+02 1.281143676750762075e-15 2.852663431600916910e-18
5.164052027463912964e+02 1.278887610827641107e-15 2.847903070900116619e-18
5.181575831025838852e+02 1.282317961350937584e-15 2.859954648883484396e-18
5.199109706282615662e+02 1.284928877833875873e-15 2.891741507556734297e-18
5.216650783270597458e+02 1.288179791981320600e-15 2.891162103948013642e-18
5.234191860258579254e+02 1.288378839405991342e-15 2.860711051437502900e-18
5.251732930541038513e+02 1.283461937603716671e-15 2.862376576128836570e-18
5.269275455921888351e+02 1.286976937736438593e-15 2.904107180099683592e-18
5.286817967891693115e+02 1.283606607852886460e-15 2.891073347840007898e-18
5.304359051585197449e+02 1.290157315059502530e-15 2.858854295889016702e-18
5.321900135278701782e+02 1.288416959465372492e-15 2.876930978478368778e-18
5.339272736012935638e+02 1.282391189289110206e-15 2.894085627256603025e-18
5.356805176287889481e+02 1.292481370025766367e-15 2.889723675669857846e-18
5.374330414831638336e+02 1.283506073344478697e-15 2.903197572759003011e-18
5.391854211688041687e+02 1.279890526814484883e-15 2.892352940072371674e-18
5.409380891919136047e+02 1.284800816491283110e-15 2.866093810926155995e-18
5.426909007132053375e+02 1.284180666095933663e-15 2.857340461092664933e-18
5.444431369006633759e+02 1.280861387974453901e-15 2.850348485867162428e-18
5.461956600844860077e+02 1.289481563082071191e-15 2.879038500285691613e-18
5.479481846094131470e+02 1.284667980557618949e-15 2.856073104454618067e-18
5.497007084637880325e+02 1.279342917840610876e-15 2.862848522062220564e-18
5.514532323181629181e+02 1.294533837776359919e-15 2.932424778073514804e-18
5.532060445100069046e+02 1.280962742392012547e-15 2.881239002840426151e-18
5.549601515382528305e+02 1.283009202882443772e-15 2.893059025270597905e-18
5.567141150683164597e+02 1.277728795799635145e-15 2.867782188321656021e-18
5.584683669358491898e+02 1.283236892003543099e-15 2.885746816271256206e-18
5.602226188033819199e+02 1.282180631362123113e-15 2.893475738055816537e-18
5.619768706709146500e+02 1.274303861725799201e-15 2.847685750281712222e-18
5.637309783697128296e+02 1.276316367910465099e-15 2.870595391976576828e-18
5.655184923112392426e+02 1.275023010577604556e-15 2.855117850585827982e-18
5.672726000100374222e+02 1.272445998316659702e-15 2.869145470844080489e-18
5.690265635401010513e+02 1.267733051341422703e-15 2.870327799273389963e-18
5.707808154076337814e+02 1.267914027067237408e-15 2.861603148931412961e-18
5.725347782671451569e+02 1.255771782012334241e-15 2.853224934719026127e-18
5.742888866364955902e+02 1.262198340774638318e-15 2.854765702086211580e-18
5.760428501665592194e+02 1.251657748051592569e-15 2.867027861440137306e-18
5.777971020340919495e+02 1.261953314749564391e-15 2.867468761765616769e-18
5.795507778972387314e+02 1.260021059055415110e-15 2.874459788942544989e-18
5.813033017516136169e+02 1.254242278348932494e-15 2.876080936315706018e-18
5.830558256059885025e+02 1.246898746890658234e-15 2.848919265048632407e-18
5.848083487898111343e+02 1.250418385987878884e-15 2.858923483711094997e-18
5.865608733147382736e+02 1.248081882073764860e-15 2.874596073210314240e-18
5.883133964985609055e+02 1.253792593929142554e-15 2.864803901603641269e-18
5.900657761842012405e+02 1.246587654365646611e-15 2.864820949587296229e-18
5.918184448778629303e+02 1.247532954036773856e-15 2.864298479545140452e-18
5.935708238929510117e+02 1.248477176769249785e-15 2.855105226135351840e-18
5.953901602327823639e+02 1.243837031133086332e-15 2.861738530976934980e-18
5.971432594209909439e+02 1.244630709737574122e-15 2.881063681024201090e-18
5.988972236216068268e+02 1.245889873879183901e-15 2.883905763794303750e-18
6.006514754891395569e+02 1.248990501560517658e-15 2.878937104643646108e-18
6.023887355625629425e+02 1.243917728771033518e-15 2.864592075669521554e-18
6.041431315988302231e+02 1.235691138556236396e-15 2.865607266620071602e-18
6.058972392976284027e+02 1.240173938327498401e-15 2.893714284988468518e-18
6.076514904946088791e+02 1.243123788836798446e-15 2.873825170400334784e-18
6.094055981934070587e+02 1.234380673547591338e-15 2.895924146912533050e-18
6.111598500609397888e+02 1.230055520681665093e-15 2.877913856863116619e-18
6.129139584302902222e+02 1.225508962929884877e-15 2.865031754240677866e-18
6.146679212898015976e+02 1.225552321036698067e-15 2.888551093178097921e-18
6.164220283180475235e+02 1.225109506186576167e-15 2.864905199594190372e-18
6.181761373579502106e+02 1.220012113571505323e-15 2.865386509506484409e-18
6.199303885549306870e+02 1.225622092135474478e-15 2.865161897125023405e-18
6.216677927970886230e+02 1.220907047437838640e-15 2.864415470857518422e-18
6.234386032819747925e+02 1.219635587814793603e-15 2.877421232539774332e-18
6.251925674825906754e+02 1.207492038749042177e-15 2.856759787451529401e-18
6.269468186795711517e+02 1.215506755411611347e-15 2.886357695421383428e-18
6.287007822096347809e+02 1.210691125418001568e-15 2.851043147196779047e-18
6.304548899084329605e+02 1.212011694982886685e-15 2.867279813921534364e-18
6.322088534384965897e+02 1.216126382936675495e-15 2.880545141653261550e-18
6.339631053060293198e+02 1.215165894341664348e-15 2.872820892701816706e-18
6.357170688360929489e+02 1.207609516539651188e-15 2.871305200824737330e-18
6.374711765348911285e+02 1.219844146518901542e-15 2.905054296523037262e-18
6.392239893972873688e+02 1.216000522710915317e-15 3.053074121663140395e-18
6.409765119105577469e+02 1.224326643149770460e-15 3.252257801781391651e-18
6.427290357649326324e+02 1.216426709343539860e-15 2.988193899554386638e-18
6.444817037880420685e+02 1.210176606132594713e-15 2.916207432056147991e-18
6.462342269718647003e+02 1.213248390322460736e-15 2.876288058464124834e-18
6.479867508262395859e+02 1.216154633216660613e-15 2.885527603036182974e-18
6.497392746806144714e+02 1.210604267304793815e-15 2.896871671842043780e-18
6.515587545186281204e+02 1.207814253808418523e-15 2.894941845398572378e-18
6.533111348748207092e+02 1.204853996879983052e-15 2.888222275902994399e-18
6.550636580586433411e+02 1.206812565307561595e-15 2.904949773890934300e-18
6.568173332512378693e+02 1.202716477687269456e-15 2.963836204151683446e-18
6.585548830032348633e+02 1.207329932665147291e-15 3.130400661924164051e-18
6.603091328591108322e+02 1.210089251118482139e-15 2.986709338967940289e-18
6.620630977302789688e+02 1.207177362396847470e-15 2.930986123507719065e-18
6.638172047585248947e+02 1.195462707409017131e-15 2.948445281460697254e-18
6.655713124573230743e+02 1.195024912562180919e-15 2.935948364538949036e-18
6.673254208266735077e+02 1.207289054207645341e-15 2.937867092152286088e-18
6.690795278549194336e+02 1.197107610869016349e-15 2.965594692849612495e-18
6.708337790518999100e+02 1.205921386243125893e-15 2.954426110166236818e-18
6.725878867506980896e+02 1.202026970775184506e-15 2.935794767875847411e-18
6.743419944494962692e+02 1.199430497182454649e-15 2.956348419253572883e-18
6.760962456464767456e+02 1.204341427322042349e-15 3.035734634513107271e-18
6.778503533452749252e+02 1.210612325206288250e-15 2.980750832894559069e-18
6.796043168753385544e+02 1.212100707559764876e-15 2.954980289766800329e-18
6.813584245741367340e+02 1.204913332298835027e-15 2.932672205105489729e-18
6.831125322729349136e+02 1.203364236672834889e-15 2.921756343495139966e-18
6.848500813543796539e+02 1.206418539970800959e-15 2.939027934256995955e-18
6.866043325513601303e+02 1.202488185216442994e-15 2.929416710956632867e-18
6.883585837483406067e+02 1.205352443203475101e-15 2.945957171186499351e-18
6.901126914471387863e+02 1.215755150093534985e-15 2.987188075884421107e-18
6.918835019320249557e+02 1.210732461135301995e-15 2.960760102698159654e-18
6.936377537995576859e+02 1.202523224209403083e-15 2.933788207219231572e-18
6.953920049965381622e+02 1.210959024152356372e-15 2.927489304263314876e-18
6.971459685266017914e+02 1.211111656860270457e-15 2.921542047655611642e-18
6.989000762253999710e+02 1.215872148666544020e-15 2.931743832788445009e-18
7.006541832536458969e+02 1.211012132698912599e-15 2.938152173317064808e-18
7.024085799604654312e+02 1.202285440379606663e-15 2.914601105852144789e-18
7.041628311574459076e+02 1.207651333022681454e-15 2.951687661265168727e-18
7.059167946875095367e+02 1.209467942074055229e-15 2.959121323250414231e-18
7.076707575470209122e+02 1.204418844252336533e-15 2.961899419671626248e-18
7.094083066284656525e+02 1.209739433714814353e-15 2.934653750113637300e-18
7.111624149978160858e+02 1.214041577701291284e-15 2.963072155276109821e-18
7.129332241415977478e+02 1.210646340351279888e-15 2.949521365554608758e-18
7.146874753385782242e+02 1.206962779864885961e-15 2.942342565595893728e-18
7.164247367531061172e+02 1.203964293435794887e-15 3.068299802576290312e-18
7.181788444519042969e+02 1.210777288176279232e-15 3.150109912921981894e-18
7.199328079819679260e+02 1.210048809165896174e-15 3.331336667443646210e-18
7.216870591789484024e+02 1.216328819015080537e-15 3.205272129754876182e-18
7.234411668777465820e+02 1.212358006943638695e-15 3.016069531895936657e-18
7.252118331938982010e+02 1.208864364542559961e-15 3.003886099386693564e-18
7.269662285596132278e+02 1.218735319478721319e-15 3.022367171598333628e-18
7.287201920896768570e+02 1.211684606525529351e-15 2.995876973057420328e-18
7.304741556197404861e+02 1.214952770587358856e-15 3.003183811575309650e-18
7.322282626479864120e+02 1.218178869957426767e-15 3.031809931554115368e-18
7.339825151860713959e+02 1.223971690037760542e-15 3.076703677347967971e-18
7.357364787161350250e+02 1.222415475942070392e-15 3.035679685720127336e-18
7.374737387895584106e+02 1.235068721749867830e-15 3.107892258818416224e-18
7.392279913276433945e+02 1.227225669380607535e-15 3.696325821782178777e-18
7.409818100184202194e+02 1.224879396666324899e-15 3.782116076134808667e-18
7.427359177172183990e+02 1.237195666719095012e-15 3.769484765942727884e-18
7.444901689141988754e+02 1.239848375082252474e-15 3.849341813449031740e-18
7.462442766129970551e+02 1.239233607115230495e-15 3.190427053665556706e-18
7.479982401430606842e+02 1.249085389402039481e-15 3.069309810309334650e-18
7.497507633268833160e+02 1.242839093942650938e-15 3.059016280197334892e-18
7.515032871812582016e+02 1.242895051619404674e-15 3.060377647201165377e-18
7.532556668668985367e+02 1.249852703836029514e-15 3.077011205058646012e-18
7.550081900507211685e+02 1.251867920120674170e-15 3.072008051098849021e-18
7.567607132345438004e+02 1.252239721068174328e-15 3.085851678617062858e-18
7.585463556647300720e+02 1.246792819830658559e-15 3.195726001115401835e-18
7.602988788485527039e+02 1.252402914840709918e-15 3.335490744324607989e-18
7.620515468716621399e+02 1.246440236961582861e-15 3.264039237260133102e-18
7.638040700554847717e+02 1.251687612205725762e-15 3.184276012620935398e-18
7.655578894168138504e+02 1.251529714006455424e-15 3.760495284086263472e-18
7.673121412843465805e+02 1.253489091611836444e-15 3.197249479940356030e-18
7.690495455265045166e+02 1.263980182742232212e-15 3.319444337012353745e-18
7.708035083860158920e+02 1.258644953903919949e-15 3.519125639090326907e-18
7.725743195414543152e+02 1.260600553180644485e-15 3.925094043593529694e-18
7.743285707384347916e+02 1.262169190942539396e-15 3.478118385665510458e-18
7.760822466015815735e+02 1.262839287753351117e-15 3.408149279649192893e-18
7.778373621404170990e+02 1.263854154276809850e-15 3.724164011599236300e-18
7.795916133373975754e+02 1.258151001293075119e-15 3.528059871460366357e-18
7.813455768674612045e+02 1.259718313755800883e-15 3.278827329914843739e-18
