3.831279956549406052e+02 6.075049892628369954e-16 2.344948163988038862e-18
3.848803753405809402e+02 6.109082039009523099e-16 2.336997393647938692e-18
3.866328991949558258e+02 6.052256813185660781e-16 2.329727305943392859e-18
3.883868640661239624e+02 6.089883741065906275e-16 2.334941392545869116e-18
3.901409717649221420e+02 6.099715260443094009e-16 2.324823619304482397e-18
3.918950794637203217e+02 6.044116030362974242e-16 2.350283881407599836e-18
3.936491871625185013e+02 6.092073897657822369e-16 2.320609989547971578e-18
3.954031513631343842e+02 6.035694308862020694e-16 2.296952647007168145e-18
3.971572583913803101e+02 6.077780420406404227e-16 2.317119188066031921e-18
3.989280702173709869e+02 6.027683486311077481e-16 2.334136986942918172e-18
4.006985930353403091e+02 6.030993507781293372e-16 2.287579606112510762e-18
4.024527000635862350e+02 6.083118152254031856e-16 2.303534923431769987e-18
4.042066656053066254e+02 6.049390859363407113e-16 2.265136715761801750e-18
4.059609181433916092e+02 6.087855055570860759e-16 2.272709394092784790e-18
4.077148810029029846e+02 5.975136459840355009e-16 2.207729993504572655e-18
4.094689887017011642e+02 5.972864758005675342e-16 2.249629689096049733e-18
4.112229529023170471e+02 6.000861193916408860e-16 2.224533776017883813e-18
4.129770606011152267e+02 6.061793061162423698e-16 2.268793808820558847e-18
4.147311682999134064e+02 6.028324889910396262e-16 2.263219068175990240e-18
4.164852759987115860e+02 5.990466359448692485e-16 2.255225923009634067e-18
4.182393843680620193e+02 5.998543854319161113e-16 2.252514720284503982e-18
4.199934934079647064e+02 5.980470908892619507e-16 2.236110955638010649e-18
4.217474562674760818e+02 5.965157425482487596e-16 2.269509239521273873e-18
4.235015639662742615e+02 5.998973894182824533e-16 2.235933751833719761e-18
4.252559600025415421e+02 6.010485215768036205e-16 2.245089469860490038e-18
4.270102111995220184e+02 6.024985222120382563e-16 2.265065235376159714e-18
4.287641760706901550e+02 6.015930238351817206e-16 2.271828480918241320e-18
4.305184272676706314e+02 5.996966068764823504e-16 2.274629807845280008e-18
4.322556886821985245e+02 6.047001538749818134e-16 2.283252439841585327e-18
4.340097963809967041e+02 6.024881411719099625e-16 2.248564162587416099e-18
4.357636164128780365e+02 6.024311367201619888e-16 2.238936957301694913e-18
4.375177247822284698e+02 6.012803452361147635e-16 2.228283357749295022e-18
4.392719773203134537e+02 6.053912455791439442e-16 2.217187056416903947e-18
4.410260836780071259e+02 6.035937315164003306e-16 2.218154755738404576e-18
4.427801913768053055e+02 6.022532063316111010e-16 2.198819999758710698e-18
4.445342997461557388e+02 6.038876981840946134e-16 2.190239866845880792e-18
4.462884074449539185e+02 6.074010994935231645e-16 2.216237130921848604e-18
4.480425151437520981e+02 6.032393585111878756e-16 2.186374349057210741e-18
4.497797752171754837e+02 6.054853199042602495e-16 2.175036503632827995e-18
4.515340277552604675e+02 5.995468025035876740e-16 2.215451821687554051e-18
4.532879926264286041e+02 6.026757161371440261e-16 2.191438533152770697e-18
4.550419554859399796e+02 5.976914840900481413e-16 2.188191728562556815e-18
4.567962073534727097e+02 5.993282189455431799e-16 2.160845515163268833e-18
4.585503157228231430e+02 6.049543612211722640e-16 2.201320229545549825e-18
4.603038474172353745e+02 6.042844216616127528e-16 2.160589358624186182e-18
4.620562271028757095e+02 6.023388766867125560e-16 2.185707607085403510e-18
4.638087509572505951e+02 6.041529980392921542e-16 2.161860503548900762e-18
4.655612748116254807e+02 6.040950907275124660e-16 2.189812208347085599e-18
4.673137993365526199e+02 6.072772204417997620e-16 2.192207398746762664e-18
4.690661790221929550e+02 6.029891882260339627e-16 2.179373459732936722e-18
4.708187035471200943e+02 6.039068659317249544e-16 2.189241724446225998e-18
4.725713708996772766e+02 6.058411107591101964e-16 2.195995291271514786e-18
4.743237499147653580e+02 6.081023157714463452e-16 2.195701834212760259e-18
4.760761309415102005e+02 6.056329311510762576e-16 2.192298403942873762e-18
4.778292308002710342e+02 6.025445504096212457e-16 2.178955595054520349e-18
4.795834819972515106e+02 6.064074006008148080e-16 2.183623329520055325e-18
4.813374461978673935e+02 6.077078467560374695e-16 2.163588428887289004e-18
4.830915538966655731e+02 6.053731174894383797e-16 2.161226284864200742e-18
4.848456615954637527e+02 6.072256945855034843e-16 2.158169881301212982e-18
4.865999127924442291e+02 6.088888786554492268e-16 2.174486418032955346e-18
4.883540211617946625e+02 6.049743419892418053e-16 2.153273330017045018e-18
4.901079860329627991e+02 6.060171143984824775e-16 2.161590941801696856e-18
4.918619495630264282e+02 6.132307798249561678e-16 2.155490805593514847e-18
4.936160565912723541e+02 6.079830504459338143e-16 2.166496846897227930e-18
4.953700207918882370e+02 6.109732640849044387e-16 2.159044788999371421e-18
4.971241284906864166e+02 6.052697144318410020e-16 2.152924175470335689e-18
4.988783810287714005e+02 6.066416902718721587e-16 2.156708875760758844e-18
5.006324880570173264e+02 6.099256406911686951e-16 2.173609240412388941e-18
5.023684526234865189e+02 6.063464658594930725e-16 2.179829400123419717e-18
5.041209764778614044e+02 6.144636673627430934e-16 2.199582676396025971e-18
5.058735003322362900e+02 6.097679608210028641e-16 2.206921961663991817e-18
5.076261683553457260e+02 6.077918290681254437e-16 2.185692939514759737e-18
5.093786922097206116e+02 6.131476512172757253e-16 2.197623808555482262e-18
5.111310725659132004e+02 6.137539554257247045e-16 2.201859282883521299e-18
5.128835964202880859e+02 6.093645639473487137e-16 2.201893636084950990e-18
5.146359761059284210e+02 6.152041399964651753e-16 2.195747085791985315e-18
5.163884999603033066e+02 6.166662279562204569e-16 2.181977484231431468e-18
5.181408803164958954e+02 6.092893809282942392e-16 2.179512818105800284e-18
5.198941236734390259e+02 6.148278494830057730e-16 2.215614971491402717e-18
5.216483755409717560e+02 6.140643788274097013e-16 2.224985610045230242e-18
5.234024832397699356e+02 6.103081532363870498e-16 2.207916685762677007e-18
5.251565909385681152e+02 6.215942975748898439e-16 2.232535485918444061e-18
5.269108428061008453e+02 6.132049484739571390e-16 2.253286968381423748e-18
5.286650946736335754e+02 6.100414864989152742e-16 2.228227773224124895e-18
5.304192023724317551e+02 6.108724210934647157e-16 2.202400264471641558e-18
5.321733100712299347e+02 6.103799575844491160e-16 2.222186583820072334e-18
5.339105708152055740e+02 6.140439143800227759e-16 2.249026966782607298e-18
5.356638141721487045e+02 6.165394001876691864e-16 2.259844436187556047e-18
5.374163380265235901e+02 6.116938078662593331e-16 2.282616865889875789e-18
5.391688618808984756e+02 6.166257487302610234e-16 2.300648613007086576e-18
5.409213850647211075e+02 6.201877321398316895e-16 2.287143260855500299e-18
5.426741979271173477e+02 6.104417513889298395e-16 2.272893219316923715e-18
5.444264327734708786e+02 6.173292975936508482e-16 2.274732891241948710e-18
5.461789572983980179e+02 6.148863566162826964e-16 2.268899045184913829e-18
5.479316253215074539e+02 6.178410665822407043e-16 2.252473446868569811e-18
5.496840056777000427e+02 6.167704996466365322e-16 2.270662663599368276e-18
5.514365288615226746e+02 6.094933948163792628e-16 2.304646242490879846e-18
5.531893410533666611e+02 6.143200072378037272e-16 2.282789545755577267e-18
5.549434487521648407e+02 6.151939198267316600e-16 2.272303142907683014e-18
5.566974122822284698e+02 6.142403397176287535e-16 2.238031660391753132e-18
5.584516648203134537e+02 6.140349224977656912e-16 2.223428434429130062e-18
5.602059160172939301e+02 6.124655212910778496e-16 2.219737623488268781e-18
5.619601672142744064e+02 6.101115189000863000e-16 2.203777580845938771e-18
5.637142749130725861e+02 6.083587351143533952e-16 2.221349980306815627e-18
5.655184923112392426e+02 6.123869878784981518e-16 2.230365618771662467e-18
5.672726000100374222e+02 6.141518868562510304e-16 2.255879922571911833e-18
5.690265635401010513e+02 6.120953994493230890e-16 2.262024541235880312e-18
5.707808154076337814e+02 6.075825711518866424e-16 2.263918552209978401e-18
5.725347782671451569e+02 6.046064318006986988e-16 2.270038526090496631e-18
5.742888866364955902e+02 6.080964450207005087e-16 2.273077274824575038e-18
5.760428501665592194e+02 6.068388699579816417e-16 2.296926144011115483e-18
5.777971020340919495e+02 6.053244364544344208e-16 2.295480247102211763e-18
5.795342186093330383e+02 6.065204863655102931e-16 2.306890455628365625e-18
5.812865989655256271e+02 6.025905504999463135e-16 2.286851021364782470e-18
5.830391234904527664e+02 5.948447576290152917e-16 2.227385913177627964e-18
5.847916460037231445e+02 6.053250841464205660e-16 2.260328237146648137e-18
5.865441698580980301e+02 6.018663107986266382e-16 2.260053330610104157e-18
5.882966930419206619e+02 6.016833850220902046e-16 2.252818646640963752e-18
5.900490733981132507e+02 6.014300647017023865e-16 2.259392913269560645e-18
5.918184448778629303e+02 6.005949622392043172e-16 2.260924067872065674e-18
5.935541211068630219e+02 6.031030136130351377e-16 2.266749917622352462e-18
5.953233477473258972e+02 5.988935255249594321e-16 2.288001396295926045e-18
5.970764476060867310e+02 6.052941099274450803e-16 2.301022518431495964e-18
5.988137083500623703e+02 5.973541599226795756e-16 2.275039080620705574e-18
6.005679595470428467e+02 6.054455967848352802e-16 2.273551495090909119e-18
6.023219237476587296e+02 6.016354384269089834e-16 2.261562867144971258e-18
6.040763197839260101e+02 5.973404422176893407e-16 2.268360217572647940e-18
6.058304268121719360e+02 5.998408744475183471e-16 2.275151279584100050e-18
6.075846786797046661e+02 6.040412502150027791e-16 2.249506984426625692e-18
6.093387863785028458e+02 5.958439008896968756e-16 2.269758722797018152e-18
6.110930375754833221e+02 5.965514626570778192e-16 2.235412881888104370e-18
6.128470024466514587e+02 5.899411031778507975e-16 2.218412245728734071e-18
6.146011088043451309e+02 5.963261180716706141e-16 2.268111903261559451e-18
6.163385137170553207e+02 5.970354348855793426e-16 2.258790061563406217e-18
6.180926214158535004e+02 5.846430117175676408e-16 2.252059404987085276e-18
6.198468732833862305e+02 5.900392505284350001e-16 2.253145383244441144e-18
6.216008374840021133e+02 5.890932170855164922e-16 2.245102077609259717e-18
6.233550886809825897e+02 5.856749630254789874e-16 2.264684709948748860e-18
6.251090522110462189e+02 5.933291206067636854e-16 2.275450369944744842e-18
6.268633034080266953e+02 5.903907301795843642e-16 2.303535524055643191e-18
6.286174117773771286e+02 5.849271596659382518e-16 2.274884016666232602e-18
6.303546718508005142e+02 5.868633081247142655e-16 2.280242669323491754e-18
6.321086353808641434e+02 5.845278427145383636e-16 2.275980862563240708e-18
6.338625989109277725e+02 5.831107759265490638e-16 2.267925785510395914e-18
6.356167072802782059e+02 5.842992247969173151e-16 2.272547347969031491e-18
6.373709584772586823e+02 5.868275733728111430e-16 2.303357660423775925e-18
6.391237699985504150e+02 5.803110287710217320e-16 2.426147380674240978e-18
6.408764380216598511e+02 5.864123029280701213e-16 2.668372915710267820e-18
6.426288177073001862e+02 5.838091360354178748e-16 2.407557382828552403e-18
6.443814850598573685e+02 5.846603058317019322e-16 2.353035280692945257e-18
6.461341530829668045e+02 5.852249513949668660e-16 2.309385236718864615e-18
6.478866776078939438e+02 5.766612386876229543e-16 2.292844741904365762e-18
6.496391994506120682e+02 5.840903884385443238e-16 2.316286880204579740e-18
6.513915804773569107e+02 5.792504764669374475e-16 2.312465204725694772e-18
6.531442478299140930e+02 5.808093191232476533e-16 2.315230177174194406e-18
6.548967716842889786e+02 5.823692816215709064e-16 2.321252982268196764e-18
6.566503033787012100e+02 5.767351930522996219e-16 2.379648196600359786e-18
6.584045545756816864e+02 5.795315273383190063e-16 2.522837306675462990e-18
6.601588071137666702e+02 5.796672478257832963e-16 2.435642666612081641e-18
6.619127699732780457e+02 5.784652175518835629e-16 2.349974017487902840e-18
6.636668776720762253e+02 5.750209723247051929e-16 2.374202194885678678e-18
6.654209847003221512e+02 5.795846309118239060e-16 2.388031139879638786e-18
6.671749489009380341e+02 5.750002304100425358e-16 2.356184812070863546e-18
6.689292000979185104e+02 5.804760017651437703e-16 2.411453392145338717e-18
6.706834512948989868e+02 5.799105198730856863e-16 2.369232151077410757e-18
6.724375596642494202e+02 5.790253315713643966e-16 2.374720914102044133e-18
6.741749639064073563e+02 5.840998654070806161e-16 2.403214977823140141e-18
6.759292157739400864e+02 5.817189810613147267e-16 2.435665345634508573e-18
6.776833228021860123e+02 5.779717798870206992e-16 2.388276120505413126e-18
6.794372863322496414e+02 5.829246535313906334e-16 2.374497433381019751e-18
6.811913940310478210e+02 5.795254696299957369e-16 2.383517081526664748e-18
6.829455010592937469e+02 5.832018675399465845e-16 2.361812172398293102e-18
6.846997535973787308e+02 5.737337915410388558e-16 2.372439502348277292e-18
6.864540047943592072e+02 5.756576009872741237e-16 2.361138183475258468e-18
6.882081124931573868e+02 5.807425654093047973e-16 2.376871464434370650e-18
6.899623643606901169e+02 5.809020559108863053e-16 2.400827940023261067e-18
6.917164720594882965e+02 5.817266566988263551e-16 2.379761126534815703e-18
6.934707232564687729e+02 5.806596106728647504e-16 2.384442318667949776e-18
6.952248302847146988e+02 5.785641072926177648e-16 2.363118990716708107e-18
6.969789386540651321e+02 5.798492406588808697e-16 2.367096232336984292e-18
6.987163428962230682e+02 5.852374976395418786e-16 2.396436454340744393e-18
7.004704505950212479e+02 5.764470240283565445e-16 2.394491463933318854e-18
7.022247017920017242e+02 5.778098541826584966e-16 2.392982766505462524e-18
7.039789529889822006e+02 5.733773425890203359e-16 2.416571074011337089e-18
7.057330620288848877e+02 5.773128357020039568e-16 2.407555382264018246e-18
7.074870248883962631e+02 5.753403592538552533e-16 2.410228088422859860e-18
7.092412760853767395e+02 5.783192254167369142e-16 2.405197373486988327e-18
7.109953837841749191e+02 5.762811160976609649e-16 2.424446100869811870e-18
7.127494914829730988e+02 5.754003728838503230e-16 2.429222698724403439e-18
7.144870398938655853e+02 5.743509621382446383e-16 2.423117187219905673e-18
7.162410034239292145e+02 5.838271601700268210e-16 2.563852755190736575e-18
7.179951111227273941e+02 5.809827785245267096e-16 2.622525234861296724e-18
7.197490739822387695e+02 5.803222029736142680e-16 2.837630018288187995e-18
7.215033258497714996e+02 5.743712913400477497e-16 2.685223767917097035e-18
7.232574328780174255e+02 5.776410686980008132e-16 2.499113300953794418e-18
7.250115399062633514e+02 5.771574046862918780e-16 2.473862543763796866e-18
7.267656482756137848e+02 5.776253411512577197e-16 2.482019362733834174e-18
7.285029090195894241e+02 5.791330680099167756e-16 2.483131777377784612e-18
7.302570167183876038e+02 5.796080974110544663e-16 2.475598981388379868e-18
7.320111237466335297e+02 5.856059235967886266e-16 2.486426676347628103e-18
7.337653756141662598e+02 5.833689874577804958e-16 2.528747689585509803e-18
7.355193391442298889e+02 5.820675979458669924e-16 2.517910781099131784e-18
7.372733026742935181e+02 5.848965814420347005e-16 2.553636389630553112e-18
7.390274097025394440e+02 5.842150975486750355e-16 3.082887206004425402e-18
7.407813732326030731e+02 5.894682060485725713e-16 3.329028306709476603e-18
7.425354809314012527e+02 5.854192768605211356e-16 3.263926930851511745e-18
7.442730293422937393e+02 5.873453254766392474e-16 3.434195118869676840e-18
7.460269935429096222e+02 5.894289450820779082e-16 2.696548278022969980e-18
7.477813882380723953e+02 5.865318860124914773e-16 2.525810532468308025e-18
7.495337679237127304e+02 5.820018733790798196e-16 2.516695133813425332e-18
7.512862917780876160e+02 5.895322718902777922e-16 2.527255750073234700e-18
7.530388142913579941e+02 5.925178729528255858e-16 2.544669766896164299e-18
7.547911946475505829e+02 5.869248473258931668e-16 2.543419474293004107e-18
7.565437185019254684e+02 5.923757177367825720e-16 2.569050712972588421e-18
7.582960968464612961e+02 5.940688415376335947e-16 2.651486988020172537e-18
7.600484772026538849e+02 5.926846897226862457e-16 2.806588807838798412e-18
7.618011452257633209e+02 5.863889255986267481e-16 2.752134512547474693e-18
7.635536684095859528e+02 5.955680059998989433e-16 2.667728008655212632e-18
7.653073436021804810e+02 5.952706503894067780e-16 3.165962590686160598e-18
7.670614519715309143e+02 5.894936890160428143e-16 2.770547569837655960e-18
7.688157031685113907e+02 5.959760288304264382e-16 2.771023036519593064e-18
7.705696666985750198e+02 5.949434451946438660e-16 2.987515951579966064e-18
7.723236302286386490e+02 5.906645196843780259e-16 3.386133927509868124e-18
7.740780255943536758e+02 5.988560747797682275e-16 3.008675427226329296e-18
7.758318449556827545e+02 6.005972429858763335e-16 2.887970626514597390e-18
7.775701128691434860e+02 6.006312041861691224e-16 3.157380632911959674e-18
7.793242205679416656e+02 6.035313454562938338e-16 3.185080970750196020e-18
7.810783282667398453e+02 6.034054774106392203e-16 2.807206404271659703e-18
