2.167845740000000205e+03 1.773818565118177304e+01 1.831877022653721765e-02
2.173853099999999813e+03 1.775520798754932628e+01 1.831877022653721765e-02
2.190790860000000066e+03 1.771529237986057481e+01 1.831877022653721765e-02
2.192825040000000172e+03 1.770774457916705202e+01 1.831877022653721765e-02
2.214792370000000119e+03 1.772908975534499021e+01 1.831877022653721765e-02
2.224749150000000100e+03 1.774378822699861402e+01 1.831877022653721765e-02
2.226853279999999813e+03 1.770793247135992132e+01 1.831877022653721765e-02
2.229665199999999913e+03 1.772521557034442807e+01 1.831877022653721765e-02
2.230803939999999784e+03 1.772381699483761253e+01 1.831877022653721765e-02
2.232823769999999968e+03 1.771252066851821283e+01 1.831877022653721765e-02
2.234818209999999908e+03 1.767573184898852290e+01 1.831877022653721765e-02
2.239603160000000116e+03 1.770595452175858853e+01 1.831877022653721765e-02
2.241664690000000064e+03 1.765923108885811388e+01 1.831877022653721765e-02
2.243723260000000209e+03 1.767498912203629047e+01 1.831877022653721765e-02
2.248803699999999935e+03 1.766596726210355328e+01 1.831877022653721765e-02
2.250849549999999908e+03 1.765160896514577615e+01 1.831877022653721765e-02
2.252654919999999947e+03 1.767736832515426926e+01 1.831877022653721765e-02
2.257649739999999838e+03 1.768922672107358096e+01 1.831877022653721765e-02
2.261769769999999880e+03 1.774272383985744739e+01 1.831877022653721765e-02
2.264758920000000217e+03 1.770890061482463551e+01 1.831877022653721765e-02
2.266647379999999885e+03 1.776401852498054623e+01 1.831877022653721765e-02
2.270643480000000181e+03 1.771170184558591743e+01 1.831877022653721765e-02
2.271794289999999819e+03 1.774140350458429793e+01 1.831877022653721765e-02
2.273744149999999991e+03 1.779031018449001422e+01 1.831877022653721765e-02
2.275831200000000081e+03 1.771810249220512290e+01 1.831877022653721765e-02
2.277652840000000197e+03 1.773860647695970272e+01 1.831877022653721765e-02
2.279825179999999818e+03 1.773255454349012794e+01 1.831877022653721765e-02
2.281812030000000050e+03 1.774510462601515570e+01 1.831877022653721765e-02
2.283846250000000055e+03 1.773272824461398756e+01 1.831877022653721765e-02
2.288752370000000155e+03 1.773208045774549646e+01 1.831877022653721765e-02
2.290790750000000116e+03 1.766005724844342240e+01 1.831877022653721765e-02
2.292767289999999775e+03 1.770624220292912909e+01 1.831877022653721765e-02
2.294742330000000038e+03 1.773647576801208814e+01 1.831877022653721765e-02
2.296752719999999954e+03 1.771277105513189909e+01 1.831877022653721765e-02
2.298772149999999783e+03 1.772546836315398622e+01 1.831877022653721765e-02
2.300725150000000212e+03 1.773466965805858209e+01 1.831877022653721765e-02
2.302702969999999823e+03 1.774244239097305709e+01 1.831877022653721765e-02
2.304747310000000198e+03 1.776104369848700415e+01 1.831877022653721765e-02
2.321675929999999880e+03 1.775585688275915075e+01 1.831877022653721765e-02
2.327562489999999798e+03 1.776158809057713839e+01 1.831877022653721765e-02
2.333571719999999914e+03 1.776376995508981338e+01 1.831877022653721765e-02
2.339548159999999825e+03 1.772743385660227844e+01 1.831877022653721765e-02
2.357519409999999880e+03 1.777481498469627397e+01 1.831877022653721765e-02
2.395520439999999780e+03 1.770589989832454236e+01 1.831877022653721765e-02
2.526912539999999808e+03 1.759475864882338669e+01 1.831877022653721765e-02
2.542890899999999874e+03 1.760409949162045251e+01 1.831877022653721765e-02
2.552842520000000150e+03 1.762881130624345971e+01 1.831877022653721765e-02
2.556834060000000136e+03 1.761170607813770772e+01 1.831877022653721765e-02
2.559884619999999813e+03 1.766716922843191284e+01 1.831877022653721765e-02
2.564850530000000163e+03 1.765612121002401125e+01 1.831877022653721765e-02
2.573849400000000060e+03 1.767100512934997170e+01 1.831877022653721765e-02
2.578773720000000139e+03 1.766998902764713009e+01 1.831877022653721765e-02
2.583828190000000177e+03 1.760891657124621190e+01 1.831877022653721765e-02
2.589861370000000079e+03 1.763734233952354913e+01 1.831877022653721765e-02
2.596744720000000143e+03 1.766231541194062515e+01 1.831877022653721765e-02
2.605747710000000097e+03 1.765521696485073022e+01 1.831877022653721765e-02
2.609743959999999788e+03 1.765102057729858842e+01 1.831877022653721765e-02
2.610632549999999810e+03 1.766259018402575975e+01 1.831877022653721765e-02
2.610738029999999981e+03 1.767912705830733344e+01 1.831877022653721765e-02
2.610844450000000052e+03 1.770799923283650656e+01 1.831877022653721765e-02
2.611644659999999931e+03 1.767723609552935571e+01 1.831877022653721765e-02
2.613625849999999900e+03 1.766730838932494052e+01 1.831877022653721765e-02
2.613703680000000077e+03 1.768295029397647511e+01 1.831877022653721765e-02
2.614673850000000130e+03 1.764780748769663177e+01 1.831877022653721765e-02
2.614757200000000012e+03 1.768484431617088148e+01 1.831877022653721765e-02
2.614848809999999958e+03 1.766590790677136980e+01 1.831877022653721765e-02
2.615657889999999952e+03 1.766162049503575560e+01 1.831877022653721765e-02
2.615780000000000200e+03 1.768520488784539779e+01 1.831877022653721765e-02
2.615837730000000192e+03 1.765585850241517818e+01 1.831877022653721765e-02
2.617646589999999833e+03 1.768985753655877247e+01 1.831877022653721765e-02
2.617740989999999783e+03 1.765272596988791420e+01 1.831877022653721765e-02
2.617849450000000161e+03 1.767595068655704438e+01 1.831877022653721765e-02
2.618663039999999910e+03 1.768418132100638118e+01 1.831877022653721765e-02
2.618756609999999910e+03 1.766898962871608703e+01 1.831877022653721765e-02
2.619619850000000042e+03 1.768222518484119021e+01 1.831877022653721765e-02
2.619726610000000164e+03 1.770776373704547169e+01 1.831877022653721765e-02
2.619850980000000163e+03 1.770543101404595987e+01 1.831877022653721765e-02
2.620649769999999990e+03 1.767605228831058284e+01 1.831877022653721765e-02
2.620734950000000026e+03 1.769206112474373072e+01 1.831877022653721765e-02
2.620851680000000215e+03 1.769303327547009275e+01 1.831877022653721765e-02
2.621683840000000146e+03 1.767959896458845748e+01 1.831877022653721765e-02
2.621759469999999965e+03 1.767834939081127743e+01 1.831877022653721765e-02
2.621852670000000217e+03 1.767742228263596260e+01 1.831877022653721765e-02
2.622649750000000040e+03 1.768223852429896326e+01 1.831877022653721765e-02
2.622731150000000071e+03 1.764106536788652591e+01 1.831877022653721765e-02
2.622852030000000013e+03 1.766226919853079380e+01 1.831877022653721765e-02
2.623648459999999886e+03 1.764406340088371294e+01 1.831877022653721765e-02
2.623736530000000130e+03 1.770319054767599454e+01 1.831877022653721765e-02
2.623847870000000057e+03 1.766643929167912574e+01 1.831877022653721765e-02
2.624679050000000188e+03 1.767661145492239427e+01 1.831877022653721765e-02
2.624750129999999899e+03 1.767113714331070895e+01 1.831877022653721765e-02
2.624844939999999951e+03 1.766099844959469323e+01 1.831877022653721765e-02
2.625664049999999861e+03 1.768671210934796889e+01 1.831877022653721765e-02
2.625715929999999844e+03 1.768477717195476018e+01 1.831877022653721765e-02
2.626632869999999912e+03 1.767528410844714060e+01 1.831877022653721765e-02
2.627688569999999800e+03 1.765246482397680339e+01 1.831877022653721765e-02
2.627740659999999934e+03 1.767292817516157655e+01 1.831877022653721765e-02
2.627814530000000104e+03 1.766800649583757377e+01 1.831877022653721765e-02
2.628657400000000052e+03 1.765314197474157609e+01 1.831877022653721765e-02
2.628734500000000025e+03 1.764647901166628330e+01 1.831877022653721765e-02
2.628801599999999780e+03 1.763254208063892037e+01 1.831877022653721765e-02
2.629653170000000046e+03 1.766190242246833364e+01 1.831877022653721765e-02
2.629711600000000089e+03 1.764253262230172581e+01 1.831877022653721765e-02
2.629761480000000120e+03 1.761808688803785472e+01 1.831877022653721765e-02
2.629841260000000148e+03 1.763781797621965808e+01 1.831877022653721765e-02
2.630641000000000076e+03 1.761345200463150462e+01 1.831877022653721765e-02
2.630720530000000053e+03 1.765233187660721370e+01 1.831877022653721765e-02
2.631652480000000196e+03 1.759713966336687108e+01 1.831877022653721765e-02
2.631735279999999875e+03 1.759830380270286554e+01 1.831877022653721765e-02
2.631844590000000153e+03 1.760156828575703969e+01 1.831877022653721765e-02
2.632608439999999973e+03 1.763836414621377457e+01 1.831877022653721765e-02
2.632735209999999825e+03 1.765654847159971652e+01 1.831877022653721765e-02
2.632815770000000157e+03 1.762999561787712466e+01 1.831877022653721765e-02
2.634607239999999820e+03 1.765353909092645068e+01 1.831877022653721765e-02
2.634697290000000066e+03 1.764973087375797789e+01 1.831877022653721765e-02
2.634831059999999979e+03 1.764484693176211039e+01 1.831877022653721765e-02
2.635657470000000103e+03 1.762080167435062350e+01 1.831877022653721765e-02
2.635685410000000047e+03 1.767239970116724379e+01 1.831877022653721765e-02
2.635734770000000026e+03 1.767661638185980166e+01 1.831877022653721765e-02
2.635837739999999940e+03 1.766421301987826098e+01 1.831877022653721765e-02
2.636685320000000047e+03 1.768411069739016739e+01 1.831877022653721765e-02
2.636765699999999924e+03 1.768088028295309755e+01 1.831877022653721765e-02
2.636845400000000154e+03 1.767904024457397227e+01 1.831877022653721765e-02
2.637647370000000137e+03 1.765920374869691400e+01 1.831877022653721765e-02
2.637725980000000163e+03 1.769383380637634673e+01 1.831877022653721765e-02
2.637829069999999774e+03 1.769121928398103449e+01 1.831877022653721765e-02
2.638628630000000157e+03 1.764566098614193734e+01 1.831877022653721765e-02
2.638656480000000101e+03 1.766259130295517110e+01 1.831877022653721765e-02
2.638729560000000220e+03 1.761213295695364422e+01 1.831877022653721765e-02
2.638829040000000077e+03 1.765307051795308624e+01 1.831877022653721765e-02
2.639601720000000114e+03 1.768281637476634316e+01 1.831877022653721765e-02
2.639656610000000001e+03 1.769640324483477301e+01 1.831877022653721765e-02
2.639682049999999890e+03 1.770687121550921006e+01 1.831877022653721765e-02
2.639838090000000193e+03 1.768111812878713707e+01 1.831877022653721765e-02
2.640610659999999825e+03 1.769356928018208919e+01 1.831877022653721765e-02
2.640752660000000105e+03 1.769896799210764371e+01 1.831877022653721765e-02
2.641610779999999977e+03 1.767172163021667686e+01 1.831877022653721765e-02
2.641747179999999844e+03 1.765728473736977122e+01 1.831877022653721765e-02
2.641858000000000175e+03 1.764374413124527763e+01 1.831877022653721765e-02
2.642608909999999923e+03 1.765138139077587809e+01 1.831877022653721765e-02
2.642710700000000088e+03 1.763927905369621385e+01 1.831877022653721765e-02
2.643615830000000187e+03 1.765158729124288683e+01 1.831877022653721765e-02
2.643759450000000015e+03 1.763490119047357041e+01 1.831877022653721765e-02
2.644598460000000159e+03 1.766248575878065097e+01 1.831877022653721765e-02
2.644708970000000136e+03 1.766647211856576760e+01 1.831877022653721765e-02
2.645613249999999880e+03 1.765625650351270792e+01 1.831877022653721765e-02
2.645720609999999851e+03 1.768421374274770841e+01 1.831877022653721765e-02
2.645749589999999898e+03 1.769069605861149697e+01 1.831877022653721765e-02
2.645855979999999818e+03 1.766940712892228049e+01 1.831877022653721765e-02
2.646618370000000141e+03 1.771541416324375007e+01 1.831877022653721765e-02
2.646743339999999989e+03 1.766908271099544692e+01 1.831877022653721765e-02
2.647618329999999787e+03 1.769088615390403874e+01 1.831877022653721765e-02
2.647728149999999914e+03 1.766254630004026893e+01 1.831877022653721765e-02
2.649615510000000086e+03 1.765514630141860764e+01 1.831877022653721765e-02
2.649707939999999780e+03 1.772302270687633907e+01 1.831877022653721765e-02
2.650635690000000068e+03 1.767152152719931024e+01 1.831877022653721765e-02
2.650697189999999864e+03 1.763668906214833143e+01 1.831877022653721765e-02
2.650807020000000193e+03 1.767041272171353583e+01 1.831877022653721765e-02
2.651631699999999910e+03 1.765527829508565461e+01 1.831877022653721765e-02
2.651727480000000014e+03 1.767146221922222793e+01 1.831877022653721765e-02
2.652597139999999854e+03 1.764042264153159323e+01 1.831877022653721765e-02
2.652676089999999931e+03 1.767253738118739292e+01 1.831877022653721765e-02
2.652741210000000137e+03 1.761785132109459440e+01 1.831877022653721765e-02
2.652773650000000089e+03 1.764847237622630161e+01 1.831877022653721765e-02
2.653604890000000069e+03 1.767525092085664440e+01 1.831877022653721765e-02
2.653781779999999799e+03 1.765747134175568789e+01 1.831877022653721765e-02
2.654623619999999846e+03 1.767243431707520429e+01 1.831877022653721765e-02
2.654676050000000032e+03 1.765578616228441078e+01 1.831877022653721765e-02
2.654700650000000223e+03 1.764226685997968147e+01 1.831877022653721765e-02
2.654841260000000148e+03 1.763178872104897721e+01 1.831877022653721765e-02
2.655609249999999975e+03 1.763355399456170503e+01 1.831877022653721765e-02
2.655812780000000203e+03 1.762654712695537285e+01 1.831877022653721765e-02
2.656620719999999892e+03 1.761207789298675408e+01 1.831877022653721765e-02
2.656649600000000191e+03 1.760883806304710930e+01 1.831877022653721765e-02
2.656769699999999830e+03 1.764307496298426159e+01 1.831877022653721765e-02
2.656866989999999987e+03 1.768225672816367577e+01 1.831877022653721765e-02
2.657623099999999795e+03 1.760396255996127124e+01 1.831877022653721765e-02
2.657863469999999779e+03 1.758292077018511179e+01 1.831877022653721765e-02
2.658584640000000036e+03 1.760301390538201716e+01 1.831877022653721765e-02
2.658611989999999878e+03 1.761984657881211547e+01 1.831877022653721765e-02
2.658684159999999792e+03 1.762524353649939002e+01 1.831877022653721765e-02
2.658765199999999822e+03 1.763006548465908452e+01 1.831877022653721765e-02
2.659642649999999776e+03 1.762984521355309298e+01 1.831877022653721765e-02
2.659777829999999994e+03 1.761355360192160546e+01 1.831877022653721765e-02
2.660597350000000006e+03 1.760369114476376851e+01 1.831877022653721765e-02
2.660629449999999906e+03 1.764339545384232721e+01 1.831877022653721765e-02
2.660746880000000147e+03 1.760445419768995379e+01 1.831877022653721765e-02
2.661602420000000166e+03 1.764527743949932770e+01 1.831877022653721765e-02
2.661656210000000101e+03 1.764414638298830695e+01 1.831877022653721765e-02
2.661855370000000221e+03 1.763738285567936614e+01 1.831877022653721765e-02
2.662612259999999878e+03 1.764482364862750075e+01 1.831877022653721765e-02
2.662641119999999773e+03 1.767532192323231399e+01 1.831877022653721765e-02
2.662776739999999791e+03 1.766469236721750846e+01 1.831877022653721765e-02
2.663655709999999999e+03 1.769206813509708454e+01 1.831877022653721765e-02
2.664619839999999840e+03 1.770183213059827665e+01 1.831877022653721765e-02
2.664703430000000026e+03 1.766435928076190365e+01 1.831877022653721765e-02
2.665686310000000049e+03 1.767917454262139998e+01 1.831877022653721765e-02
2.665823289999999815e+03 1.765612297172079792e+01 1.831877022653721765e-02
2.666645529999999781e+03 1.761577378482634160e+01 1.831877022653721765e-02
2.666683269999999993e+03 1.765938720865018041e+01 1.831877022653721765e-02
2.666763339999999971e+03 1.765063376781686344e+01 1.831877022653721765e-02
2.667680510000000140e+03 1.767634222013486678e+01 1.831877022653721765e-02
2.667841199999999844e+03 1.769886787076487877e+01 1.831877022653721765e-02
2.668666799999999967e+03 1.764078877486584318e+01 1.831877022653721765e-02
2.668754860000000008e+03 1.762775584150484676e+01 1.831877022653721765e-02
2.670632909999999811e+03 1.762594459978469885e+01 1.831877022653721765e-02
2.671690450000000055e+03 1.761823103531970602e+01 1.831877022653721765e-02
2.672667570000000069e+03 1.767646786765874367e+01 1.831877022653721765e-02
2.672742200000000139e+03 1.764825349085004902e+01 1.831877022653721765e-02
2.674640570000000025e+03 1.769200847719682912e+01 1.831877022653721765e-02
2.674672480000000178e+03 1.767469175450166574e+01 1.831877022653721765e-02
2.674794559999999819e+03 1.761610940508114709e+01 1.831877022653721765e-02
2.675651190000000042e+03 1.766768413713838015e+01 1.831877022653721765e-02
2.675758020000000215e+03 1.767197783260303723e+01 1.831877022653721765e-02
2.676627160000000003e+03 1.764762255927802670e+01 1.831877022653721765e-02
2.676657279999999901e+03 1.763106406123748826e+01 1.831877022653721765e-02
2.676738029999999981e+03 1.766985703963903376e+01 1.831877022653721765e-02
2.677657940000000053e+03 1.763954538606728661e+01 1.831877022653721765e-02
2.677716669999999795e+03 1.764873861372874586e+01 1.831877022653721765e-02
2.678631030000000010e+03 1.764236410801586885e+01 1.831877022653721765e-02
2.678714840000000095e+03 1.763135819373845337e+01 1.831877022653721765e-02
2.678762709999999970e+03 1.764326843130444900e+01 1.831877022653721765e-02
2.679651510000000144e+03 1.764164499527621288e+01 1.831877022653721765e-02
2.679787429999999858e+03 1.760486321124500719e+01 1.831877022653721765e-02
2.680625509999999849e+03 1.766900984708793132e+01 1.831877022653721765e-02
2.680773450000000139e+03 1.765011597328726367e+01 1.831877022653721765e-02
2.681611759999999776e+03 1.764807062635768986e+01 1.831877022653721765e-02
2.681723280000000159e+03 1.765829854940482591e+01 1.831877022653721765e-02
2.682589179999999942e+03 1.763520285895237549e+01 1.831877022653721765e-02
2.683624290000000201e+03 1.761653137978959194e+01 1.831877022653721765e-02
2.687549370000000181e+03 1.766578774957179832e+01 1.831877022653721765e-02
2.696542510000000220e+03 1.765108225996554125e+01 1.831877022653721765e-02
2.701524660000000040e+03 1.763878202497727443e+01 1.831877022653721765e-02
2.707522109999999884e+03 1.765968643874774813e+01 1.831877022653721765e-02
2.714521020000000135e+03 1.766564244231644665e+01 1.831877022653721765e-02
2.840910179999999855e+03 1.768345637813821014e+01 1.831877022653721765e-02
2.888921330000000125e+03 1.765724744783265621e+01 1.831877022653721765e-02
2.894851650000000063e+03 1.767626754696245328e+01 1.831877022653721765e-02
2.899853219999999965e+03 1.765714039860574758e+01 1.831877022653721765e-02
2.905842209999999795e+03 1.763438866060872456e+01 1.831877022653721765e-02
2.908905249999999796e+03 1.764791830234161196e+01 1.831877022653721765e-02
2.911801519999999982e+03 1.762003932289414365e+01 1.831877022653721765e-02
2.916851760000000013e+03 1.764552203823259546e+01 1.831877022653721765e-02
2.922835570000000189e+03 1.766999111317681681e+01 1.831877022653721765e-02
2.926774629999999888e+03 1.761565582556263720e+01 1.831877022653721765e-02
2.930836719999999787e+03 1.771117131990927973e+01 1.831877022653721765e-02
2.934738519999999880e+03 1.763969890578892574e+01 1.831877022653721765e-02
2.940718609999999899e+03 1.766603334171847450e+01 1.831877022653721765e-02
2.942840059999999994e+03 1.767428962802381420e+01 1.831877022653721765e-02
2.947732559999999921e+03 1.768411496421123985e+01 1.831877022653721765e-02
2.949822740000000067e+03 1.770291204110325367e+01 1.831877022653721765e-02
2.953689460000000054e+03 1.767483121056560336e+01 1.831877022653721765e-02
2.956715270000000146e+03 1.773545057625205601e+01 1.831877022653721765e-02
2.958741550000000188e+03 1.771378185056259724e+01 1.831877022653721765e-02
2.962753430000000208e+03 1.768511478318664842e+01 1.831877022653721765e-02
2.965772820000000138e+03 1.767496318985278236e+01 1.831877022653721765e-02
2.968716379999999845e+03 1.767155443967999773e+01 1.831877022653721765e-02
2.973856440000000021e+03 1.768450323174151251e+01 1.831877022653721765e-02
2.975845609999999851e+03 1.766771621833280648e+01 1.831877022653721765e-02
2.976840869999999995e+03 1.765027808703023027e+01 1.831877022653721765e-02
2.978860490000000027e+03 1.766341625247031999e+01 1.831877022653721765e-02
2.982692559999999958e+03 1.767201048846014544e+01 1.831877022653721765e-02
2.984740139999999883e+03 1.764882620999707186e+01 1.831877022653721765e-02
2.986822709999999915e+03 1.768758823205560660e+01 1.831877022653721765e-02
2.988793149999999969e+03 1.768470275612365938e+01 1.831877022653721765e-02
2.989810480000000098e+03 1.768910494870996075e+01 1.831877022653721765e-02
2.991643619999999828e+03 1.767164768464008162e+01 1.831877022653721765e-02
2.993631049999999959e+03 1.766938319560974335e+01 1.831877022653721765e-02
2.995731850000000122e+03 1.761436328309006782e+01 1.831877022653721765e-02
2.997709629999999834e+03 1.766192200323321160e+01 1.831877022653721765e-02
2.999732250000000022e+03 1.765021635012650592e+01 1.831877022653721765e-02
3.001768509999999878e+03 1.765455252471542735e+01 1.831877022653721765e-02
3.003739149999999881e+03 1.761076427988491488e+01 1.831877022653721765e-02
3.005644429999999829e+03 1.762841534690066680e+01 1.831877022653721765e-02
3.007677490000000034e+03 1.763630193071394459e+01 1.831877022653721765e-02
3.009743809999999939e+03 1.764270577423154407e+01 1.831877022653721765e-02
3.011719500000000153e+03 1.765541558192690630e+01 1.831877022653721765e-02
3.013723950000000059e+03 1.765016472962335214e+01 1.831877022653721765e-02
3.017725440000000162e+03 1.766469079318815005e+01 1.831877022653721765e-02
3.019653400000000147e+03 1.766243215496676910e+01 1.831877022653721765e-02
3.021772190000000137e+03 1.770364683870081279e+01 1.831877022653721765e-02
3.023633969999999863e+03 1.770226796996283269e+01 1.831877022653721765e-02
3.024835070000000087e+03 1.767118460000338942e+01 1.831877022653721765e-02
3.026831779999999981e+03 1.764885013907839451e+01 1.831877022653721765e-02
3.029636109999999917e+03 1.766148938743936370e+01 1.831877022653721765e-02
3.031706090000000131e+03 1.765882536266541791e+01 1.831877022653721765e-02
3.033769600000000082e+03 1.764502417144696977e+01 1.831877022653721765e-02
3.035776649999999790e+03 1.766986697367981662e+01 1.831877022653721765e-02
3.038754140000000007e+03 1.761543325706588092e+01 1.831877022653721765e-02
3.042668700000000172e+03 1.765340691149902597e+01 1.831877022653721765e-02
3.044602640000000065e+03 1.766091034558619199e+01 1.831877022653721765e-02
3.045691600000000108e+03 1.767904580487873645e+01 1.831877022653721765e-02
3.047645300000000134e+03 1.764410074116592497e+01 1.831877022653721765e-02
3.049651029999999992e+03 1.763954552656262464e+01 1.831877022653721765e-02
3.051619209999999839e+03 1.769936954020784370e+01 1.831877022653721765e-02
3.055612729999999829e+03 1.771728394017675612e+01 1.831877022653721765e-02
3.057638159999999971e+03 1.771991373749550291e+01 1.831877022653721765e-02
3.059582049999999981e+03 1.767698087486176917e+01 1.831877022653721765e-02
3.061575069999999869e+03 1.764999642932165713e+01 1.831877022653721765e-02
3.068516419999999925e+03 1.771462269028030789e+01 1.831877022653721765e-02
3.070585070000000087e+03 1.767411961363024986e+01 1.831877022653721765e-02
3.073585860000000139e+03 1.770883488461294064e+01 1.831877022653721765e-02
3.075685809999999947e+03 1.768008581327110207e+01 1.831877022653721765e-02
3.078617799999999988e+03 1.768003166621646827e+01 1.831877022653721765e-02
3.082595319999999901e+03 1.766343954691689433e+01 1.831877022653721765e-02
3.084672379999999976e+03 1.767565444343981795e+01 1.831877022653721765e-02
3.087635080000000016e+03 1.768945000646296961e+01 1.831877022653721765e-02
3.090598460000000159e+03 1.772689302794888278e+01 1.831877022653721765e-02
3.096516189999999824e+03 1.769891971488547000e+01 1.831877022653721765e-02
3.099586490000000140e+03 1.770679213810035790e+01 1.831877022653721765e-02
3.102565239999999903e+03 1.774676419020368456e+01 1.831877022653721765e-02
3.105598030000000108e+03 1.770784950354824261e+01 1.831877022653721765e-02
3.108575949999999921e+03 1.763937051761045538e+01 1.831877022653721765e-02
3.112553249999999935e+03 1.775459029252143850e+01 1.831877022653721765e-02
3.116534619999999904e+03 1.772191327961905571e+01 1.831877022653721765e-02
3.127502019999999902e+03 1.771792359809099793e+01 1.831877022653721765e-02
3.140491289999999935e+03 1.775875952171515593e+01 1.831877022653721765e-02
3.223890870000000177e+03 1.773762098056906211e+01 1.831877022653721765e-02
3.241877070000000003e+03 1.771617994190857104e+01 1.831877022653721765e-02
3.248840499999999793e+03 1.771066253384178069e+01 1.831877022653721765e-02
3.257868320000000040e+03 1.769467618497678174e+01 1.831877022653721765e-02
3.263914310000000114e+03 1.768928191471475486e+01 1.831877022653721765e-02
3.270857309999999870e+03 1.769842096401551856e+01 1.831877022653721765e-02
3.281885080000000016e+03 1.766972793473317793e+01 1.831877022653721765e-02
3.287746149999999943e+03 1.772401226302373445e+01 1.831877022653721765e-02
3.295698379999999815e+03 1.768916404600420123e+01 1.831877022653721765e-02
3.297696910000000116e+03 1.769848552496619476e+01 1.831877022653721765e-02
3.299761410000000069e+03 1.763585457370973231e+01 1.831877022653721765e-02
3.301758879999999863e+03 1.767842600934035246e+01 1.831877022653721765e-02
3.304819160000000011e+03 1.768078929148346745e+01 1.831877022653721765e-02
3.307689640000000054e+03 1.766309611070996866e+01 1.831877022653721765e-02
3.309725019999999859e+03 1.767508835842844306e+01 1.831877022653721765e-02
3.311722890000000007e+03 1.768407089965088019e+01 1.831877022653721765e-02
3.320765660000000025e+03 1.764259025074522924e+01 1.831877022653721765e-02
3.323700490000000173e+03 1.767752950940285572e+01 1.831877022653721765e-02
3.327737239999999929e+03 1.765376250324445095e+01 1.831877022653721765e-02
3.330696100000000115e+03 1.763693359621213119e+01 1.831877022653721765e-02
3.334795279999999821e+03 1.765557813769276407e+01 1.831877022653721765e-02
3.338841769999999997e+03 1.766535215929885894e+01 1.831877022653721765e-02
3.340856879999999819e+03 1.767332809916128866e+01 1.831877022653721765e-02
3.350675319999999829e+03 1.770407300002382911e+01 1.831877022653721765e-02
3.354722949999999855e+03 1.763825724538200745e+01 1.831877022653721765e-02
3.358803319999999985e+03 1.760961492180403454e+01 1.831877022653721765e-02
3.361835489999999936e+03 1.761629534796455943e+01 1.831877022653721765e-02
3.365737880000000132e+03 1.765886969026252373e+01 1.831877022653721765e-02
3.372754219999999805e+03 1.765145246613654706e+01 1.831877022653721765e-02
3.378666909999999916e+03 1.767643983396927609e+01 1.831877022653721765e-02
3.387653499999999894e+03 1.766514984715951897e+01 1.831877022653721765e-02
3.391734649999999874e+03 1.770411057099969909e+01 1.831877022653721765e-02
3.394746180000000095e+03 1.764129161323819872e+01 1.831877022653721765e-02
3.396626180000000204e+03 1.769540975643636926e+01 1.831877022653721765e-02
3.399703439999999773e+03 1.769305594685930672e+01 1.831877022653721765e-02
3.403690729999999803e+03 1.776262085313789640e+01 1.831877022653721765e-02
3.408600129999999808e+03 1.772631623988118577e+01 1.831877022653721765e-02
3.417572760000000017e+03 1.771614398159231030e+01 1.831877022653721765e-02
3.425581009999999878e+03 1.769250053803359535e+01 1.831877022653721765e-02
3.431563209999999799e+03 1.769899323465844887e+01 1.831877022653721765e-02
3.445549860000000081e+03 1.772999037929170640e+01 1.831877022653721765e-02
3.455506589999999960e+03 1.782129511736684790e+01 1.831877022653721765e-02
3.460498180000000048e+03 1.776717312227106405e+01 1.831877022653721765e-02
3.477492879999999786e+03 1.774934166996933982e+01 1.831877022653721765e-02
3.583935019999999895e+03 1.765395866433568628e+01 1.831877022653721765e-02
3.593933269999999993e+03 1.765571306779790817e+01 1.831877022653721765e-02
3.601870210000000043e+03 1.765263467693154453e+01 1.831877022653721765e-02
3.618904239999999845e+03 1.769698064097570267e+01 1.831877022653721765e-02
3.629885510000000068e+03 1.767700899205194531e+01 1.831877022653721765e-02
3.634852049999999963e+03 1.774147841997650588e+01 1.831877022653721765e-02
3.639845400000000154e+03 1.767372174729560541e+01 1.831877022653721765e-02
3.644800169999999980e+03 1.768873578005061376e+01 1.831877022653721765e-02
3.654790599999999813e+03 1.763676126837097868e+01 1.831877022653721765e-02
3.657870489999999791e+03 1.768152742135935895e+01 1.831877022653721765e-02
3.660804929999999786e+03 1.765741282552640001e+01 1.831877022653721765e-02
3.664840040000000045e+03 1.767736905664250457e+01 1.831877022653721765e-02
3.668797950000000128e+03 1.772546212983665370e+01 1.831877022653721765e-02
3.672786169999999856e+03 1.767627642753590678e+01 1.831877022653721765e-02
3.675865830000000187e+03 1.768424281408662679e+01 1.831877022653721765e-02
3.684773970000000190e+03 1.769179261098046041e+01 1.831877022653721765e-02
3.687779610000000048e+03 1.770402175568803216e+01 1.831877022653721765e-02
3.690699480000000221e+03 1.770053288435921246e+01 1.831877022653721765e-02
3.693733430000000226e+03 1.770067613716270927e+01 1.831877022653721765e-02
3.695754960000000210e+03 1.774861782486217976e+01 1.831877022653721765e-02
3.698747749999999996e+03 1.768868949839555071e+01 1.831877022653721765e-02
3.700776539999999841e+03 1.771236661391510481e+01 1.831877022653721765e-02
3.702864199999999983e+03 1.769935747805177328e+01 1.831877022653721765e-02
3.705770979999999781e+03 1.769937199728189370e+01 1.831877022653721765e-02
3.708729569999999967e+03 1.772961530057473567e+01 1.831877022653721765e-02
3.712716409999999996e+03 1.766352590803942846e+01 1.831877022653721765e-02
3.714726799999999912e+03 1.769234775020008144e+01 1.831877022653721765e-02
3.717642850000000180e+03 1.765972012729962870e+01 1.831877022653721765e-02
3.719820070000000214e+03 1.769264207846410031e+01 1.831877022653721765e-02
3.725813940000000002e+03 1.768521519939560349e+01 1.831877022653721765e-02
3.727786410000000160e+03 1.768487707603394909e+01 1.831877022653721765e-02
3.730681750000000193e+03 1.774358765037366226e+01 1.831877022653721765e-02
3.732706499999999778e+03 1.771419196675873664e+01 1.831877022653721765e-02
3.734804540000000088e+03 1.771570360937024802e+01 1.831877022653721765e-02
3.736820819999999912e+03 1.776447597641151432e+01 1.831877022653721765e-02
3.737709179999999833e+03 1.772764870756124012e+01 1.831877022653721765e-02
3.739808280000000195e+03 1.773907113173795835e+01 1.831877022653721765e-02
3.742694179999999960e+03 1.773897720352060503e+01 1.831877022653721765e-02
3.745769859999999881e+03 1.773702511973771578e+01 1.831877022653721765e-02
3.747772539999999935e+03 1.770446174646172466e+01 1.831877022653721765e-02
3.749664240000000063e+03 1.772227027802083299e+01 1.831877022653721765e-02
3.750749200000000201e+03 1.770338531503182722e+01 1.831877022653721765e-02
3.752759910000000218e+03 1.771176652181155120e+01 1.831877022653721765e-02
3.754777660000000196e+03 1.772670163697890899e+01 1.831877022653721765e-02
3.756601180000000113e+03 1.769711832589813483e+01 1.831877022653721765e-02
3.758774060000000190e+03 1.774742973201203711e+01 1.831877022653721765e-02
3.761786470000000008e+03 1.771745496051072166e+01 1.831877022653721765e-02
3.764740929999999935e+03 1.774291262257770541e+01 1.831877022653721765e-02
3.767600730000000112e+03 1.777234351474395524e+01 1.831877022653721765e-02
3.770618440000000192e+03 1.772023107419753174e+01 1.831877022653721765e-02
3.773621290000000045e+03 1.774074622642165622e+01 1.831877022653721765e-02
3.776620710000000145e+03 1.776382356465574475e+01 1.831877022653721765e-02
3.779610270000000128e+03 1.777616666738238393e+01 1.831877022653721765e-02
3.782660980000000109e+03 1.772769056957857359e+01 1.831877022653721765e-02
3.787585990000000038e+03 1.776046733857944204e+01 1.831877022653721765e-02
3.792537760000000162e+03 1.773643198208535665e+01 1.831877022653721765e-02
3.800515179999999873e+03 1.775352143656046167e+01 1.831877022653721765e-02
3.809527009999999791e+03 1.781537704241798536e+01 1.831877022653721765e-02
3.822512810000000172e+03 1.778933589098534185e+01 1.831877022653721765e-02
3.934931270000000040e+03 1.770545152518570120e+01 1.831877022653721765e-02
3.935925650000000132e+03 1.775014506545065984e+01 1.831877022653721765e-02
3.936930449999999837e+03 1.771579922349263114e+01 1.831877022653721765e-02
3.937931959999999890e+03 1.774365219606038835e+01 1.831877022653721765e-02
3.944928960000000188e+03 1.770398256700419282e+01 1.831877022653721765e-02
3.945942010000000209e+03 1.774456605076438365e+01 1.831877022653721765e-02
3.946909279999999853e+03 1.773376266579376903e+01 1.831877022653721765e-02
3.950933840000000146e+03 1.774948997461350686e+01 1.831877022653721765e-02
3.959901600000000144e+03 1.769343806854921297e+01 1.831877022653721765e-02
3.960903920000000198e+03 1.770077927556144459e+01 1.831877022653721765e-02
3.961915660000000116e+03 1.771678545860573450e+01 1.831877022653721765e-02
3.963937849999999798e+03 1.771641286272580729e+01 1.831877022653721765e-02
3.964865960000000086e+03 1.773266978598084620e+01 1.831877022653721765e-02
3.964902259999999842e+03 1.771817324847565089e+01 1.831877022653721765e-02
3.965894710000000032e+03 1.770931714348742858e+01 1.831877022653721765e-02
3.967907720000000154e+03 1.771432084156057840e+01 1.831877022653721765e-02
3.968898130000000037e+03 1.773318958019318714e+01 1.831877022653721765e-02
3.969832739999999831e+03 1.774129541507478791e+01 1.831877022653721765e-02
3.969890069999999923e+03 1.773439974860305313e+01 1.831877022653721765e-02
3.970857160000000022e+03 1.770658675778516411e+01 1.831877022653721765e-02
3.975842439999999897e+03 1.772514776229025912e+01 1.831877022653721765e-02
3.979918850000000020e+03 1.774226800304914775e+01 1.831877022653721765e-02
3.980913520000000062e+03 1.774269961888431268e+01 1.831877022653721765e-02
3.981864819999999781e+03 1.771435318115160484e+01 1.831877022653721765e-02
3.982807949999999892e+03 1.773369522801802844e+01 1.831877022653721765e-02
3.983915170000000217e+03 1.772341535561089287e+01 1.831877022653721765e-02
3.986846730000000207e+03 1.774126291707199954e+01 1.831877022653721765e-02
3.987804779999999937e+03 1.771626754879764576e+01 1.831877022653721765e-02
3.988862340000000131e+03 1.775797450355179308e+01 1.831877022653721765e-02
3.989891860000000179e+03 1.765607681690929098e+01 1.831877022653721765e-02
3.999800009999999929e+03 1.767486900944359363e+01 1.831877022653721765e-02
4.001868500000000040e+03 1.766711235589316686e+01 1.831877022653721765e-02
4.007850350000000162e+03 1.768959455798653124e+01 1.831877022653721765e-02
4.011850609999999961e+03 1.771387037319263413e+01 1.831877022653721765e-02
4.011886440000000221e+03 1.770724152408381613e+01 1.831877022653721765e-02
4.018842149999999947e+03 1.768128573382445268e+01 1.831877022653721765e-02
4.023874279999999999e+03 1.770577715114346873e+01 1.831877022653721765e-02
4.026782790000000205e+03 1.766315854941555230e+01 1.831877022653721765e-02
4.029724029999999857e+03 1.768765119241366790e+01 1.831877022653721765e-02
4.031804360000000088e+03 1.768494552798298969e+01 1.831877022653721765e-02
4.038713420000000042e+03 1.768103971229134075e+01 1.831877022653721765e-02
4.041674610000000030e+03 1.769854805998901526e+01 1.831877022653721765e-02
4.043678919999999835e+03 1.766403479275340516e+01 1.831877022653721765e-02
4.046771079999999984e+03 1.769469081929165455e+01 1.831877022653721765e-02
4.048860589999999775e+03 1.765241281625232261e+01 1.831877022653721765e-02
4.052703529999999773e+03 1.763510352173447160e+01 1.831877022653721765e-02
4.054690439999999853e+03 1.765572452351976906e+01 1.831877022653721765e-02
4.056747510000000148e+03 1.765067947121602288e+01 1.831877022653721765e-02
4.058780630000000201e+03 1.767166257221978753e+01 1.831877022653721765e-02
4.063679369999999835e+03 1.768369314831374695e+01 1.831877022653721765e-02
4.066736660000000029e+03 1.767249553862016853e+01 1.831877022653721765e-02
4.068824169999999867e+03 1.764661508087059616e+01 1.831877022653721765e-02
4.070666549999999916e+03 1.767418209914153948e+01 1.831877022653721765e-02
4.073826019999999971e+03 1.772688214145728836e+01 1.831877022653721765e-02
4.076794120000000021e+03 1.768961113777197980e+01 1.831877022653721765e-02
4.078858009999999922e+03 1.770685879594175205e+01 1.831877022653721765e-02
4.079756480000000010e+03 1.767975639505194607e+01 1.831877022653721765e-02
4.083673240000000078e+03 1.771462296652211421e+01 1.831877022653721765e-02
4.085738749999999982e+03 1.766398029559745808e+01 1.831877022653721765e-02
4.092857199999999921e+03 1.768082901903827775e+01 1.831877022653721765e-02
4.102833760000000439e+03 1.769042174408896173e+01 1.831877022653721765e-02
4.105692680000000109e+03 1.764224218389967191e+01 1.831877022653721765e-02
4.109765849999999773e+03 1.769437225954953874e+01 1.831877022653721765e-02
4.113721580000000358e+03 1.764691823201264498e+01 1.831877022653721765e-02
4.120751949999999852e+03 1.768904490595109280e+01 1.831877022653721765e-02
4.122708410000000185e+03 1.767356132006050018e+01 1.831877022653721765e-02
4.131612979999999880e+03 1.767435206323778374e+01 1.831877022653721765e-02
4.142649650000000292e+03 1.764478812951678321e+01 1.831877022653721765e-02
4.156536310000000412e+03 1.765916023917107580e+01 1.831877022653721765e-02
4.166577580000000125e+03 1.769919498622000731e+01 1.831877022653721765e-02
4.196527079999999842e+03 1.764566154278614363e+01 1.831877022653721765e-02
4.341902930000000197e+03 1.774676608808995937e+01 1.831877022653721765e-02
4.347852839999999560e+03 1.780254525140418309e+01 1.831877022653721765e-02
4.357910670000000209e+03 1.775702721823153141e+01 1.831877022653721765e-02
4.362812729999999647e+03 1.772351029962386448e+01 1.831877022653721765e-02
4.365831390000000283e+03 1.772394378583845409e+01 1.831877022653721765e-02
4.369813030000000253e+03 1.771033776046268216e+01 1.831877022653721765e-02
4.371859330000000227e+03 1.775350376046798928e+01 1.831877022653721765e-02
4.377795130000000427e+03 1.774245287150754535e+01 1.831877022653721765e-02
4.380811649999999645e+03 1.773536050046210377e+01 1.831877022653721765e-02
4.386787290000000212e+03 1.772186598956526282e+01 1.831877022653721765e-02
4.390749219999999696e+03 1.774449506002434163e+01 1.831877022653721765e-02
4.393863309999999728e+03 1.774169565616156063e+01 1.831877022653721765e-02
4.398874609999999848e+03 1.770548984274854831e+01 1.831877022653721765e-02
4.404721429999999600e+03 1.776294993644516040e+01 1.831877022653721765e-02
4.412862030000000232e+03 1.776265409181834798e+01 1.831877022653721765e-02
4.418794200000000274e+03 1.770428558836839628e+01 1.831877022653721765e-02
4.422860289999999623e+03 1.772369372843070323e+01 1.831877022653721765e-02
4.426738589999999931e+03 1.773873127516228365e+01 1.831877022653721765e-02
4.429844579999999951e+03 1.771046000712712853e+01 1.831877022653721765e-02
4.432725430000000415e+03 1.773161569429198892e+01 1.831877022653721765e-02
4.436764809999999670e+03 1.772027449919818309e+01 1.831877022653721765e-02
4.439830380000000332e+03 1.769654139786887370e+01 1.831877022653721765e-02
4.443696609999999964e+03 1.768504892624043734e+01 1.831877022653721765e-02
4.449681370000000243e+03 1.765180069380055627e+01 1.831877022653721765e-02
4.451690910000000258e+03 1.770832708689715318e+01 1.831877022653721765e-02
4.454707419999999729e+03 1.771807193201888708e+01 1.831877022653721765e-02
4.455689690000000155e+03 1.771400708581220229e+01 1.831877022653721765e-02
4.458748139999999694e+03 1.777764136862756672e+01 1.831877022653721765e-02
4.461664979999999559e+03 1.778734208936641537e+01 1.831877022653721765e-02
4.465748139999999694e+03 1.774760510534102309e+01 1.831877022653721765e-02
4.468716690000000199e+03 1.775430941395501350e+01 1.831877022653721765e-02
4.473689519999999902e+03 1.773104510628633435e+01 1.831877022653721765e-02
4.477747669999999744e+03 1.776138975025489586e+01 1.831877022653721765e-02
4.481685279999999693e+03 1.776170257780052708e+01 1.831877022653721765e-02
4.485733339999999771e+03 1.778041962925263775e+01 1.831877022653721765e-02
4.489716809999999896e+03 1.773959741000773249e+01 1.831877022653721765e-02
4.493706619999999930e+03 1.773666969558301787e+01 1.831877022653721765e-02
4.498682950000000346e+03 1.769867066835254477e+01 1.831877022653721765e-02
4.501680309999999736e+03 1.771114302935339069e+01 1.831877022653721765e-02
4.506614260000000286e+03 1.768658146066658787e+01 1.831877022653721765e-02
4.508631459999999606e+03 1.771992932083383110e+01 1.831877022653721765e-02
4.510704869999999573e+03 1.769964907731980475e+01 1.831877022653721765e-02
4.521614990000000034e+03 1.769441426519026450e+01 1.831877022653721765e-02
4.523630790000000161e+03 1.766553919248621796e+01 1.831877022653721765e-02
4.525550220000000081e+03 1.764308616704149912e+01 1.831877022653721765e-02
4.531572250000000167e+03 1.762266165573822718e+01 1.831877022653721765e-02
4.533574620000000323e+03 1.758705207057271735e+01 1.831877022653721765e-02
4.537624649999999747e+03 1.761578494246034055e+01 1.831877022653721765e-02
4.539543639999999868e+03 1.761294774560590781e+01 1.831877022653721765e-02
4.541595900000000256e+03 1.759289086963410753e+01 1.831877022653721765e-02
4.545516300000000228e+03 1.760789022048588492e+01 1.831877022653721765e-02
4.549599839999999858e+03 1.761379360673831584e+01 1.831877022653721765e-02
4.560542489999999816e+03 1.758149832090221309e+01 1.831877022653721765e-02
4.567588099999999940e+03 1.761034068440588740e+01 1.831877022653721765e-02
4.571532979999999952e+03 1.759630431335484602e+01 1.831877022653721765e-02
4.610481539999999768e+03 1.762287618732965910e+01 1.831877022653721765e-02
4.694923829999999725e+03 1.765941349672781868e+01 1.831877022653721765e-02
4.697862079999999878e+03 1.765954610803592573e+01 1.831877022653721765e-02
4.707912790000000314e+03 1.763211599179028255e+01 1.831877022653721765e-02
4.720778049999999894e+03 1.764627809198328379e+01 1.831877022653721765e-02
4.724831309999999576e+03 1.766307924897537873e+01 1.831877022653721765e-02
4.728818790000000263e+03 1.767064628130424708e+01 1.831877022653721765e-02
4.733828510000000279e+03 1.770483770112041810e+01 1.831877022653721765e-02
4.743897219999999834e+03 1.773072352763524506e+01 1.831877022653721765e-02
4.748834490000000187e+03 1.770393762069858568e+01 1.831877022653721765e-02
4.752867540000000190e+03 1.767813722746622318e+01 1.831877022653721765e-02
4.756876849999999649e+03 1.765610835036842019e+01 1.831877022653721765e-02
4.760759939999999915e+03 1.763096209811384796e+01 1.831877022653721765e-02
4.763818729999999960e+03 1.762745223923708338e+01 1.831877022653721765e-02
4.768861410000000433e+03 1.766772454809984438e+01 1.831877022653721765e-02
4.772707739999999831e+03 1.769482009700765701e+01 1.831877022653721765e-02
4.775737060000000383e+03 1.766757530505100959e+01 1.831877022653721765e-02
4.777751830000000155e+03 1.768333194912206352e+01 1.831877022653721765e-02
4.781748340000000098e+03 1.767224246410401634e+01 1.831877022653721765e-02
4.784701930000000175e+03 1.770804044529483079e+01 1.831877022653721765e-02
4.788798899999999776e+03 1.767103884353694454e+01 1.831877022653721765e-02
4.791809350000000450e+03 1.767758284201408969e+01 1.831877022653721765e-02
4.794780859999999848e+03 1.765596250868312111e+01 1.831877022653721765e-02
4.797800100000000384e+03 1.772172834242264017e+01 1.831877022653721765e-02
4.800776950000000397e+03 1.770087548543711264e+01 1.831877022653721765e-02
4.802843930000000000e+03 1.767144600618481576e+01 1.831877022653721765e-02
4.805670390000000225e+03 1.767850503229021797e+01 1.831877022653721765e-02
4.806857270000000426e+03 1.762473729442930193e+01 1.831877022653721765e-02
4.807724479999999858e+03 1.766418750256152492e+01 1.831877022653721765e-02
4.809705060000000231e+03 1.762973263614419395e+01 1.831877022653721765e-02
4.811701409999999669e+03 1.766217431339941868e+01 1.831877022653721765e-02
4.813723170000000209e+03 1.767441487435085534e+01 1.831877022653721765e-02
4.814741990000000442e+03 1.769365346010291162e+01 1.831877022653721765e-02
4.816738910000000033e+03 1.762092580191541558e+01 1.831877022653721765e-02
4.818738040000000183e+03 1.768509492489720003e+01 1.831877022653721765e-02
4.820657439999999951e+03 1.769755554318908963e+01 1.831877022653721765e-02
4.820797679999999673e+03 1.769664967276776579e+01 1.831877022653721765e-02
4.822693980000000010e+03 1.767564092694132327e+01 1.831877022653721765e-02
4.824682810000000245e+03 1.769652459468198913e+01 1.831877022653721765e-02
4.826687210000000050e+03 1.772649377017814132e+01 1.831877022653721765e-02
4.833685150000000249e+03 1.768298675737868919e+01 1.831877022653721765e-02
4.835737540000000081e+03 1.764031072932631972e+01 1.831877022653721765e-02
4.838742150000000038e+03 1.770562049179923036e+01 1.831877022653721765e-02
4.840726429999999709e+03 1.773694023907511763e+01 1.831877022653721765e-02
4.842710409999999683e+03 1.769850839349880900e+01 1.831877022653721765e-02
4.844709619999999632e+03 1.769910955406378505e+01 1.831877022653721765e-02
4.847776590000000397e+03 1.768377263417451672e+01 1.831877022653721765e-02
4.850769690000000082e+03 1.770718817660258182e+01 1.831877022653721765e-02
4.853746170000000347e+03 1.767534802356277623e+01 1.831877022653721765e-02
4.855761620000000221e+03 1.767760283062633064e+01 1.831877022653721765e-02
4.857739760000000388e+03 1.768346928886038683e+01 1.831877022653721765e-02
4.865601279999999861e+03 1.767997067927283084e+01 1.831877022653721765e-02
4.869650129999999990e+03 1.764865124655516482e+01 1.831877022653721765e-02
4.872679350000000341e+03 1.769610345664577622e+01 1.831877022653721765e-02
4.874572519999999713e+03 1.771935662391348387e+01 1.831877022653721765e-02
4.876596160000000054e+03 1.773932155767365870e+01 1.831877022653721765e-02
4.878621049999999741e+03 1.765473382690697335e+01 1.831877022653721765e-02
4.882694139999999607e+03 1.771156125727083008e+01 1.831877022653721765e-02
4.885552330000000438e+03 1.769979819745408989e+01 1.831877022653721765e-02
4.888619550000000345e+03 1.767822789434274000e+01 1.831877022653721765e-02
4.900623359999999593e+03 1.772070142335464382e+01 1.831877022653721765e-02
4.905588520000000244e+03 1.769166534225800191e+01 1.831877022653721765e-02
4.908547120000000177e+03 1.766956253079545291e+01 1.831877022653721765e-02
4.916563479999999799e+03 1.772420018229066585e+01 1.831877022653721765e-02
4.920593810000000303e+03 1.767644914040880622e+01 1.831877022653721765e-02
4.926549930000000131e+03 1.763552764301835651e+01 1.831877022653721765e-02
4.930546519999999873e+03 1.764700431331738528e+01 1.831877022653721765e-02
4.934543359999999666e+03 1.760174990825015939e+01 1.831877022653721765e-02
4.937535079999999653e+03 1.767091043551560148e+01 1.831877022653721765e-02
4.940551080000000184e+03 1.765774033783524999e+01 1.831877022653721765e-02
4.946544679999999971e+03 1.766736429221058557e+01 1.831877022653721765e-02
4.951524470000000292e+03 1.769437986205367253e+01 1.831877022653721765e-02
