3
250
   0.00000   12.63602    0.12706
   8.00400   12.28935    0.12195
  16.00800   11.40747    0.11772
  24.01201   12.68100    0.12694
  32.01601   13.06955    0.12969
  40.02001   12.65660    0.12608
  48.02401   12.72597    0.12599
  56.02801   12.78078    0.12640
  64.03202   12.96704    0.12991
  72.03602   13.43460    0.13362
  80.04002   14.42054    0.14567
  88.04402   13.41907    0.13567
  96.04802   13.92158    0.14125
 104.05203   13.84108    0.14028
 112.05603   13.56893    0.13714
 120.06003   13.70315    0.13794
 128.06403   13.65725    0.13654
 136.06803   13.34787    0.13288
 144.07204   13.31461    0.13396
 152.07604   13.80433    0.13908
 160.08004   15.12185    0.15057
 168.08404   14.13907    0.14020
 176.08804   14.08645    0.14228
 184.09205   13.03372    0.13167
 192.09605   12.88718    0.12982
 200.10005   12.64488    0.12729
 208.10405   13.38678    0.13150
 216.10805   12.54467    0.12775
 224.11206   13.32975    0.13071
 232.11606   13.69079    0.13760
 240.12006   14.49271    0.14478
 248.12406   14.72622    0.14589
 256.12806   14.94069    0.14775
 264.13207   14.60688    0.14692
 272.13607   13.80065    0.14005
 280.14007   13.75249    0.13784
 288.14407   13.66950    0.13578
 296.14807   12.95541    0.12864
 304.15208   12.79297    0.12741
 312.15608   13.95971    0.13664
 320.16008   13.50486    0.13519
 328.16408   13.83044    0.13952
 336.16808   14.25455    0.14296
 344.17209   14.38170    0.14570
 352.17609   13.62076    0.13900
 360.18009   14.01371    0.14012
 368.18409   13.76912    0.13831
 376.18809   14.23521    0.14306
 384.19210   13.73776    0.13604
 392.19610   14.73032    0.14670
 400.20010   13.84813    0.13805
 408.20410   13.85042    0.13897
 416.20810   13.87662    0.14031
 424.21211   13.96520    0.13896
 432.21611   14.76936    0.14600
 440.22011   14.55428    0.14743
 448.22411   14.96662    0.14950
 456.22811   14.75017    0.14914
 464.23212   14.46961    0.14469
 472.23612   14.16955    0.14325
 480.24012   13.87482    0.14017
 488.24412   13.91136    0.13799
 496.24812   13.86964    0.13778
 504.25213   12.86651    0.12992
 512.25613   12.10224    0.12315
 520.26013   11.42106    0.11732
 528.26413   11.10718    0.11121
 536.26813   11.59505    0.11301
 544.27214   10.71194    0.10713
 552.27614   10.60653    0.10493
 560.28014   11.05476    0.10936
 568.28414   11.23759    0.11263
 576.28814   11.56913    0.11650
 584.29215   11.72139    0.11812
 592.29615   11.80667    0.11727
 600.30015   10.92877    0.10828
 608.30415   11.44534    0.11361
 616.30815   11.15565    0.11149
 624.31216   12.10048    0.12006
 632.31616   12.33519    0.12299
 640.32016   12.49157    0.12578
 648.32416   13.15641    0.13121
 656.32816   13.05106    0.12813
 664.33217   12.95143    0.12704
 672.33617   13.00470    0.12858
 680.34017   13.70938    0.13867
 688.34417   12.14529    0.12227
 696.34817   11.44523    0.11448
 704.35218   11.44257    0.11632
 712.35618   11.36326    0.11265
 720.36018   11.20014    0.11193
 728.36418   11.92310    0.11802
 736.36818   11.53671    0.11479
 744.37219   11.25907    0.11352
 752.37619   11.72014    0.11921
 760.38019   11.94444    0.11646
 768.38419   11.50586    0.11612
 776.38819   11.70891    0.11675
 784.39220   10.94528    0.10994
 792.39620   10.67197    0.10711
 800.40020   11.23843    0.11142
 808.40420   12.23652    0.12118
 816.40820   10.91868    0.11070
 824.41221   11.30733    0.11148
 832.41621   11.08001    0.11007
 840.42021   10.81156    0.11019
 848.42421   10.33018    0.10238
 856.42821    8.29438    0.08263
 864.43222    7.89158    0.07996
 872.43622    6.27934    0.06273
 880.44022    5.99444    0.06005
 888.44422    6.05781    0.06033
 896.44822    6.65196    0.06769
 904.45223    6.08463    0.06133
 912.45623    6.38967    0.06350
 920.46023    6.03510    0.06047
 928.46423    6.28135    0.06361
 936.46823    7.24717    0.07158
 944.47224    7.72491    0.07592
 952.47624    7.38003    0.07546
 960.48024    6.73000    0.06613
 968.48424    8.07431    0.08142
 976.48824    7.81388    0.07776
 984.49225    7.77365    0.07703
 992.49625    7.56901    0.07570
1000.50025    8.71431    0.08769
1008.50425    8.11778    0.08050
1016.50825    8.19245    0.08046
1024.51226    9.12455    0.09095
1032.51626    9.62561    0.09550
1040.52026    7.94791    0.07998
1048.52426    8.41404    0.08380
1056.52826    8.01083    0.07979
1064.53227    7.02350    0.07008
1072.53627    6.49425    0.06601
1080.54027    7.30898    0.07322
1088.54427    8.24448    0.08066
1096.54827    8.69783    0.08570
1104.55228    8.73370    0.08736
1112.55628    9.08592    0.09047
1120.56028    8.91143    0.08900
1128.56428    9.47160    0.09344
1136.56828    9.09199    0.09273
1144.57229    8.21941    0.08258
1152.57629    8.53893    0.08526
1160.58029    8.52050    0.08520
1168.58429    8.98391    0.08811
1176.58829    9.47331    0.09459
1184.59230    8.65689    0.08604
1192.59630    9.21055    0.09063
1200.60030    9.33024    0.09217
1208.60430    8.93857    0.08983
1216.60830    9.37354    0.09257
1224.61231    9.10750    0.09061
1232.61631    8.81356    0.08784
1240.62031   10.57109    0.10412
1248.62431   10.66870    0.10703
1256.62831   10.71226    0.10586
1264.63232   10.46049    0.10281
1272.63632    9.86117    0.09846
1280.64032   10.32771    0.10515
1288.64432   10.70591    0.10738
1296.64832   10.58361    0.10441
1304.65233   10.65046    0.10857
1312.65633    9.86986    0.09818
1320.66033   11.06909    0.10967
1328.66433   10.99123    0.10982
1336.66833   10.65270    0.10539
1344.67234   11.68976    0.11702
1352.67634   11.30979    0.11408
1360.68034   10.95579    0.10845
1368.68434   11.57361    0.11526
1376.68834   12.01922    0.11879
1384.69235   12.68949    0.12761
1392.69635   12.26252    0.12331
1400.70035   12.43763    0.12446
1408.70435   11.74347    0.11710
1416.70835   10.69586    0.10727
1424.71236   10.44922    0.10460
1432.71636    9.89830    0.09917
1440.72036    9.57402    0.09426
1448.72436    9.16353    0.09070
1456.72836    9.51750    0.09533
1464.73237   10.07689    0.10117
1472.73637    9.31597    0.09401
1480.74037    9.50285    0.09362
1488.74437    8.62999    0.08660
1496.74837    8.89067    0.08858
1504.75238    8.31589    0.08305
1512.75638    8.83874    0.08871
1520.76038    8.77906    0.08786
1528.76438    9.52899    0.09567
1536.76838   10.17591    0.10164
1544.77239   10.81166    0.10864
1552.77639   10.22324    0.10292
1560.78039   10.01542    0.10036
1568.78439   10.19382    0.10095
1576.78839    9.11833    0.09180
1584.79240    9.15095    0.09142
1592.79640    9.03914    0.09196
1600.80040   10.01285    0.10019
1608.80440   10.43593    0.10364
1616.80840   11.77018    0.11803
1624.81241   13.40022    0.13509
1632.81641   13.45623    0.13609
1640.82041   13.79246    0.13556
1648.82441   12.67602    0.12771
1656.82841   12.26540    0.12457
1664.83242   12.65033    0.12571
1672.83642   13.13130    0.13320
1680.84042   13.34876    0.13319
1688.84442   12.68853    0.12942
1696.84842   13.08214    0.12919
1704.85243   12.66640    0.12650
1712.85643   14.12379    0.14004
1720.86043   13.52194    0.13768
1728.86443   13.60761    0.13296
1736.86843   13.05753    0.12895
1744.87244   13.14657    0.13075
1752.87644   12.64509    0.12793
1760.88044   11.89504    0.11714
1768.88444   10.36477    0.10192
1776.88844   11.21155    0.10975
1784.89245   10.21066    0.10164
1792.89645   11.19920    0.11257
1800.90045   12.01897    0.12176
1808.90445   11.94701    0.11808
1816.90845   11.77634    0.11805
1824.91246   12.24464    0.12220
1832.91646   11.88631    0.11745
1840.92046   11.55984    0.11575
1848.92446   11.39130    0.11506
1856.92846   11.37033    0.11332
1864.93247   11.68560    0.11713
1872.93647   12.28970    0.12376
1880.94047   12.82924    0.12869
1888.94447   12.81763    0.12902
1896.94847   12.79205    0.12699
1904.95248   12.87871    0.12716
1912.95648   12.61863    0.12448
1920.96048   11.95086    0.11933
1928.96448   11.19489    0.11247
1936.96848   11.23538    0.11209
1944.97249   12.55224    0.12404
1952.97649   13.11818    0.13237
1960.98049   12.93098    0.12830
1968.98449   13.43365    0.13590
1976.98849   14.03272    0.14073
1984.99250   14.00814    0.14081
1992.99650   13.52581    0.13548
250
   0.00000    5.28304    0.05218
   8.00400    5.00283    0.04942
  16.00800    4.66819    0.04733
  24.01201    4.55625    0.04602
  32.01601    4.80918    0.04739
  40.02001    4.90140    0.04989
  48.02401    5.68793    0.05623
  56.02801    5.89533    0.05905
  64.03202    5.99330    0.06063
  72.03602    6.06833    0.06096
  80.04002    6.08028    0.06124
  88.04402    6.49337    0.06552
  96.04802    6.21468    0.06261
 104.05203    6.16846    0.06184
 112.05603    6.26392    0.06292
 120.06003    6.04032    0.05958
 128.06403    6.04755    0.06142
 136.06803    6.36429    0.06385
 144.07204    6.17141    0.06196
 152.07604    6.49520    0.06436
 160.08004    6.38460    0.06421
 168.08404    6.40006    0.06425
 176.08804    7.14302    0.07115
 184.09205    7.03976    0.06954
 192.09605    6.89795    0.06832
 200.10005    6.85202    0.06732
 208.10405    6.77476    0.06767
 216.10805    6.85513    0.06948
 224.11206    6.93039    0.07014
 232.11606    6.63634    0.06589
 240.12006    6.88746    0.06863
 248.12406    7.33249    0.07229
 256.12806    7.16972    0.07220
 264.13207    7.37815    0.07379
 272.13607    7.06440    0.07017
 280.14007    6.52991    0.06470
 288.14407    6.44153    0.06484
 296.14807    6.30023    0.06231
 304.15208    6.53595    0.06510
 312.15608    6.39640    0.06504
 320.16008    6.20560    0.06270
 328.16408    6.70322    0.06719
 336.16808    6.88256    0.07029
 344.17209    7.29613    0.07243
 352.17609    7.28594    0.07250
 360.18009    7.44976    0.07441
 368.18409    7.17157    0.07078
 376.18809    7.03716    0.06959
 384.19210    6.75037    0.06789
 392.19610    6.60397    0.06624
 400.20010    6.35139    0.06321
 408.20410    6.31803    0.06312
 416.20810    6.79225    0.06713
 424.21211    7.03012    0.06987
 432.21611    7.16753    0.07102
 440.22011    7.25679    0.07270
 448.22411    7.38713    0.07361
 456.22811    6.88484    0.06905
 464.23212    6.78526    0.06877
 472.23612    6.86220    0.06878
 480.24012    7.08307    0.07040
 488.24412    7.17580    0.07026
 496.24812    7.49832    0.07503
 504.25213    6.74170    0.06704
 512.25613    6.80703    0.06809
 520.26013    6.99775    0.07019
 528.26413    7.26823    0.07164
 536.26813    7.46535    0.07315
 544.27214    7.73171    0.07733
 552.27614    7.45397    0.07500
 560.28014    7.39700    0.07291
 568.28414    7.25554    0.07227
 576.28814    7.06415    0.07077
 584.29215    7.22604    0.07275
 592.29615    7.02599    0.06990
 600.30015    6.66790    0.06717
 608.30415    6.37159    0.06295
 616.30815    5.88774    0.05934
 624.31216    5.77701    0.05723
 632.31616    5.47779    0.05510
 640.32016    5.83421    0.05774
 648.32416    5.37450    0.05351
 656.32816    5.55668    0.05531
 664.33217    5.74630    0.05676
 672.33617    5.62541    0.05675
 680.34017    5.76258    0.05783
 688.34417    5.65334    0.05732
 696.34817    5.75335    0.05654
 704.35218    5.75448    0.05721
 712.35618    5.34856    0.05379
 720.36018    5.79727    0.05759
 728.36418    6.17575    0.06103
 736.36818    6.28728    0.06263
 744.37219    6.55585    0.06527
 752.37619    6.45242    0.06454
 760.38019    6.27490    0.06168
 768.38419    6.32513    0.06284
 776.38819    6.62228    0.06598
 784.39220    6.50822    0.06489
 792.39620    5.74464    0.05849
 800.40020    5.71001    0.05714
 808.40420    5.55320    0.05627
 816.40820    5.84792    0.05861
 824.41221    5.64927    0.05693
 832.41621    5.70971    0.05777
 840.42021    5.60662    0.05722
 848.42421    5.85012    0.05786
 856.42821    5.89999    0.05915
 864.43222    5.86035    0.05858
 872.43622    5.92922    0.05887
 880.44022    5.42470    0.05440
 888.44422    5.43227    0.05438
 896.44822    5.31648    0.05346
 904.45223    6.00375    0.05927
 912.45623    5.53984    0.05648
 920.46023    5.66037    0.05721
 928.46423    5.65649    0.05612
 936.46823    5.44420    0.05457
 944.47224    5.16913    0.05067
 952.47624    4.77087    0.04783
 960.48024    4.23091    0.04165
 968.48424    3.50353    0.03510
 976.48824    3.26225    0.03281
 984.49225    3.06489    0.03010
 992.49625    3.06325    0.03003
1000.50025    3.28510    0.03308
1008.50425    3.07060    0.03066
1016.50825    3.32708    0.03380
1024.51226    2.97791    0.02961
1032.51626    3.56320    0.03571
1040.52026    3.75808    0.03783
1048.52426    3.90151    0.03864
1056.52826    3.22326    0.03233
1064.53227    3.65515    0.03630
1072.53627    4.06199    0.04039
1080.54027    3.62941    0.03659
1088.54427    3.75288    0.03757
1096.54827    4.31022    0.04253
1104.55228    4.21178    0.04272
1112.55628    4.15886    0.04168
1120.56028    4.24994    0.04246
1128.56428    4.78551    0.04738
1136.56828    4.37112    0.04431
1144.57229    4.23185    0.04261
1152.57629    4.12421    0.04108
1160.58029    3.57265    0.03648
1168.58429    3.23262    0.03237
1176.58829    3.13723    0.03118
1184.59230    3.65926    0.03671
1192.59630    3.71436    0.03682
1200.60030    4.14996    0.04149
1208.60430    4.47726    0.04502
1216.60830    4.62268    0.04564
1224.61231    4.38065    0.04422
1232.61631    4.81415    0.04846
1240.62031    4.31423    0.04248
1248.62431    4.35179    0.04370
1256.62831    4.19876    0.04236
1264.63232    4.46924    0.04478
1272.63632    4.82378    0.04790
1280.64032    4.25659    0.04285
1288.64432    4.55408    0.04514
1296.64832    4.39872    0.04442
1304.65233    4.67231    0.04645
1312.65633    4.48105    0.04543
1320.66033    4.42881    0.04430
1328.66433    4.41140    0.04469
1336.66833    4.90396    0.04902
1344.67234    5.18462    0.05214
1352.67634    5.10830    0.05163
1360.68034    5.37696    0.05352
1368.68434    5.14538    0.05146
1376.68834    5.01354    0.04891
1384.69235    5.32017    0.05305
1392.69635    5.12000    0.05147
1400.70035    5.43023    0.05339
1408.70435    5.22041    0.05202
1416.70835    5.11914    0.05131
1424.71236    5.69684    0.05729
1432.71636    5.21181    0.05296
1440.72036    5.66693    0.05558
1448.72436    5.65420    0.05677
1456.72836    5.56210    0.05597
1464.73237    5.63706    0.05625
1472.73637    5.96851    0.05914
1480.74037    6.24893    0.06262
1488.74437    6.79382    0.06664
1496.74837    6.33261    0.06358
1504.75238    6.18408    0.06250
1512.75638    5.71793    0.05697
1520.76038    5.40643    0.05420
1528.76438    5.19045    0.05210
1536.76838    4.63388    0.04682
1544.77239    4.77015    0.04745
1552.77639    4.46334    0.04516
1560.78039    4.80992    0.04850
1568.78439    4.95124    0.04933
1576.78839    4.89427    0.04854
1584.79240    4.57313    0.04563
1592.79640    4.39127    0.04417
1600.80040    4.33598    0.04371
1608.80440    4.31185    0.04221
1616.80840    4.51615    0.04515
1624.81241    4.58180    0.04593
1632.81641    4.81425    0.04832
1640.82041    5.20357    0.05163
1648.82441    5.36554    0.05390
1656.82841    5.02047    0.05136
1664.83242    4.86104    0.04845
1672.83642    4.75877    0.04810
1680.84042    4.56513    0.04552
1688.84442    4.64068    0.04702
1696.84842    4.94988    0.04887
1704.85243    5.09464    0.05182
1712.85643    5.57646    0.05584
1720.86043    6.16817    0.06169
1728.86443    6.84721    0.06837
1736.86843    6.64395    0.06649
1744.87244    6.67790    0.06573
1752.87644    6.17791    0.06141
1760.88044    6.37019    0.06316
1768.88444    6.40772    0.06342
1776.88844    6.81140    0.06748
1784.89245    6.50682    0.06631
1792.89645    6.71120    0.06726
1800.90045    6.65132    0.06679
1808.90445    6.96770    0.06937
1816.90845    6.89845    0.06896
1824.91246    6.76927    0.06698
1832.91646    6.50038    0.06600
1840.92046    6.54249    0.06592
1848.92446    6.33573    0.06332
1856.92846    6.01854    0.05968
1864.93247    5.42975    0.05425
1872.93647    5.25956    0.05317
1880.94047    5.32829    0.05364
1888.94447    5.57411    0.05559
1896.94847    6.18782    0.06075
1904.95248    5.87080    0.05942
1912.95648    5.93386    0.05897
1920.96048    5.90387    0.05851
1928.96448    6.23042    0.06238
1936.96848    5.61254    0.05643
1944.97249    5.55693    0.05591
1952.97649    5.56592    0.05603
1960.98049    5.59942    0.05665
1968.98449    6.18034    0.06114
1976.98849    6.25581    0.06332
1984.99250    6.60071    0.06603
1992.99650    6.16874    0.06255
250
   0.00000    5.36044    0.05419
   8.00400    5.29393    0.05299
  16.00800    5.46506    0.05486
  24.01201    5.85878    0.05818
  32.01601    5.80482    0.05783
  40.02001    5.90430    0.05915
  48.02401    5.99307    0.05930
  56.02801    5.72069    0.05923
  64.03202    5.70672    0.05693
  72.03602    5.76271    0.05713
  80.04002    5.28623    0.05398
  88.04402    5.27573    0.05296
  96.04802    5.03557    0.04990
 104.05203    5.23569    0.05291
 112.05603    4.88451    0.04909
 120.06003    5.22296    0.05215
 128.06403    5.08897    0.05091
 136.06803    5.01686    0.05086
 144.07204    5.02269    0.05032
 152.07604    5.24508    0.05201
 160.08004    4.96745    0.04972
 168.08404    4.89649    0.04900
 176.08804    4.57300    0.04547
 184.09205    4.67161    0.04660
 192.09605    5.19473    0.05214
 200.10005    5.86241    0.05774
 208.10405    6.02981    0.06050
 216.10805    6.15982    0.06101
 224.11206    6.09308    0.06047
 232.11606    6.25020    0.06344
 240.12006    6.44827    0.06510
 248.12406    6.31855    0.06309
 256.12806    6.05973    0.06051
 264.13207    5.94954    0.06029
 272.13607    6.17290    0.06155
 280.14007    6.33041    0.06371
 288.14407    6.32369    0.06315
 296.14807    6.21246    0.06248
 304.15208    6.30736    0.06380
 312.15608    6.53693    0.06477
 320.16008    6.49784    0.06486
 328.16408    7.31029    0.07263
 336.16808    6.96876    0.06813
 344.17209    6.92222    0.06920
 352.17609    6.93291    0.06878
 360.18009    6.91093    0.06865
 368.18409    6.88981    0.06926
 376.18809    6.96669    0.06943
 384.19210    6.55992    0.06603
 392.19610    6.86082    0.06788
 400.20010    7.12704    0.07119
 408.20410    7.40396    0.07462
 416.20810    7.25521    0.07199
 424.21211    7.05349    0.07049
 432.21611    6.45562    0.06448
 440.22011    6.55875    0.06441
 448.22411    6.22210    0.06253
 456.22811    6.42543    0.06461
 464.23212    6.40927    0.06397
 472.23612    6.43040    0.06442
 480.24012    6.76865    0.06749
 488.24412    7.23658    0.07161
 496.24812    7.30574    0.07244
 504.25213    7.21065    0.07269
 512.25613    7.53346    0.07431
 520.26013    6.94644    0.07008
 528.26413    6.88862    0.06833
 536.26813    6.83870    0.06824
 544.27214    6.61967    0.06541
 552.27614    6.35794    0.06342
 560.28014    6.53284    0.06504
 568.28414    6.78718    0.06807
 576.28814    6.78195    0.06854
 584.29215    7.11943    0.07159
 592.29615    7.35547    0.07303
 600.30015    7.30713    0.07234
 608.30415    6.83127    0.06933
 616.30815    6.94377    0.06875
 624.31216    6.94865    0.06936
 632.31616    6.95809    0.06920
 640.32016    7.07970    0.07074
 648.32416    7.19411    0.07258
 656.32816    6.88451    0.06790
 664.33217    6.97921    0.06871
 672.33617    6.99471    0.06999
 680.34017    7.08453    0.07176
 688.34417    7.34785    0.07324
 696.34817    7.53539    0.07571
 704.35218    7.31817    0.07445
 712.35618    7.33747    0.07234
 720.36018    7.19575    0.07158
 728.36418    7.09051    0.07042
 736.36818    7.14998    0.07126
 744.37219    6.84879    0.06899
 752.37619    6.64017    0.06673
 760.38019    6.25350    0.06320
 768.38419    5.89872    0.05852
 776.38819    5.69132    0.05654
 784.39220    5.59392    0.05675
 792.39620    5.48288    0.05487
 800.40020    5.34750    0.05390
 808.40420    5.35508    0.05420
 816.40820    5.70632    0.05634
 824.41221    5.73702    0.05755
 832.41621    5.98811    0.05930
 840.42021    5.75817    0.05756
 848.42421    5.41129    0.05506
 856.42821    5.59129    0.05670
 864.43222    5.36559    0.05482
 872.43622    5.80194    0.05808
 880.44022    6.21964    0.06176
 888.44422    6.33144    0.06334
 896.44822    6.54525    0.06578
 904.45223    6.35958    0.06457
 912.45623    6.23158    0.06234
 920.46023    6.40173    0.06373
 928.46423    6.83785    0.06809
 936.46823    6.32981    0.06247
 944.47224    5.83394    0.05779
 952.47624    5.78428    0.05727
 960.48024    5.62630    0.05614
 968.48424    5.76328    0.05780
 976.48824    5.83857    0.05883
 984.49225    5.78759    0.05822
 992.49625    5.76973    0.05716
1000.50025    5.89842    0.05937
1008.50425    5.75341    0.05836
1016.50825    5.82349    0.05816
1024.51226    5.77500    0.05865
1032.51626    5.52710    0.05465
1040.52026    5.33204    0.05325
1048.52426    5.40775    0.05460
1056.52826    5.95245    0.05980
1064.53227    5.61631    0.05683
1072.53627    5.56775    0.05622
1080.54027    5.69463    0.05563
1088.54427    5.44678    0.05422
1096.54827    5.21672    0.05126
1104.55228    4.37302    0.04427
1112.55628    4.01121    0.04019
1120.56028    3.36215    0.03392
1128.56428    3.19324    0.03233
1136.56828    2.99278    0.02947
1144.57229    3.18761    0.03164
1152.57629    3.06533    0.03096
1160.58029    3.08477    0.03058
1168.58429    3.07922    0.03125
1176.58829    3.08487    0.03061
1184.59230    3.50846    0.03487
1192.59630    3.77280    0.03811
1200.60030    3.84916    0.03821
1208.60430    3.29008    0.03249
1216.60830    3.86767    0.03877
1224.61231    3.97759    0.03942
1232.61631    3.68421    0.03693
1240.62031    3.69872    0.03738
1248.62431    4.36111    0.04318
1256.62831    4.16981    0.04214
1264.63232    4.25746    0.04151
1272.63632    4.36321    0.04371
1280.64032    4.76961    0.04695
1288.64432    4.23542    0.04257
1296.64832    4.20984    0.04196
1304.65233    4.06708    0.04065
1312.65633    3.66150    0.03616
1320.66033    3.23417    0.03222
1328.66433    3.30470    0.03310
1336.66833    3.85202    0.03820
1344.67234    4.03440    0.03994
1352.67634    4.23296    0.04246
1360.68034    4.45027    0.04461
1368.68434    4.47427    0.04489
1376.68834    4.62283    0.04622
1384.69235    4.81855    0.04843
1392.69635    4.22408    0.04151
1400.70035    4.28037    0.04251
1408.70435    4.14579    0.04169
1416.70835    4.52475    0.04520
1424.71236    4.91588    0.04877
1432.71636    4.31501    0.04284
1440.72036    4.66993    0.04635
1448.72436    4.44866    0.04500
1456.72836    4.56199    0.04617
1464.73237    4.59714    0.04560
1472.73637    4.42627    0.04415
1480.74037    4.46521    0.04472
1488.74437    5.15504    0.05041
1496.74837    5.25731    0.05283
1504.75238    5.12759    0.05243
1512.75638    5.22960    0.05277
1520.76038    5.07814    0.05014
1528.76438    5.13027    0.05127
1536.76838    5.31269    0.05340
1544.77239    5.22441    0.05270
1552.77639    5.42754    0.05391
1560.78039    5.03752    0.05022
1568.78439    5.34618    0.05405
1576.78839    5.69039    0.05652
1584.79240    5.21097    0.05246
1592.79640    5.68627    0.05693
1600.80040    5.68655    0.05683
1608.80440    5.47007    0.05464
1616.80840    5.84389    0.05735
1624.81241    5.99557    0.05922
1632.81641    6.34289    0.06272
1640.82041    6.31728    0.06407
1648.82441    6.45817    0.06384
1656.82841    6.01571    0.06083
1664.83242    5.66865    0.05563
1672.83642    5.34417    0.05254
1680.84042    5.01693    0.05062
1688.84442    4.49780    0.04563
1696.84842    4.62818    0.04634
1704.85243    4.61900    0.04618
1712.85643    4.96784    0.04996
1720.86043    4.79759    0.04797
1728.86443    4.71023    0.04751
1736.86843    4.52036    0.04486
1744.87244    4.39571    0.04342
1752.87644    4.34643    0.04273
1760.88044    4.37581    0.04336
1768.88444    4.48930    0.04507
1776.88844    4.67704    0.04709
1784.89245    5.06273    0.05026
1792.89645    5.32524    0.05317
1800.90045    5.20996    0.05257
1808.90445    5.10384    0.05100
1816.90845    4.88641    0.04886
1824.91246    4.63957    0.04639
1832.91646    4.51204    0.04526
1840.92046    4.68922    0.04644
1848.92446    4.95356    0.04957
1856.92846    5.29855    0.05288
1864.93247    5.72056    0.05797
1872.93647    6.61626    0.06614
1880.94047    6.87836    0.06907
1888.94447    6.72641    0.06680
1896.94847    6.47477    0.06432
1904.95248    6.18532    0.06150
1912.95648    6.23495    0.06232
1920.96048    6.60064    0.06542
1928.96448    6.58967    0.06655
1936.96848    6.42185    0.06540
1944.97249    6.46180    0.06465
1952.97649    6.38236    0.06530
1960.98049    6.99376    0.06944
1968.98449    6.86239    0.06881
1976.98849    6.64172    0.06740
1984.99250    6.71085    0.06609
1992.99650    6.53531    0.06552
