2
250
   0.00000    7.41324    0.07393
   8.00400    7.45747    0.07341
  16.00800    7.45028    0.07520
  24.01201    7.29321    0.07347
  32.01601    7.98946    0.07952
  40.02001    8.15004    0.08185
  48.02401    7.96652    0.08021
  56.02801    8.22514    0.08250
  64.03202    7.21310    0.07174
  72.03602    7.55881    0.07405
  80.04002    7.17817    0.07140
  88.04402    6.73764    0.06743
  96.04802    7.00397    0.07008
 104.05203    6.48984    0.06612
 112.05603    6.87757    0.06879
 120.06003    7.38271    0.07317
 128.06403    7.54759    0.07475
 136.06803    7.28498    0.07332
 144.07204    7.54701    0.07538
 152.07604    8.17060    0.08039
 160.08004    7.86004    0.07772
 168.08404    7.44396    0.07472
 176.08804    6.54463    0.06607
 184.09205    6.24049    0.06107
 192.09605    6.49819    0.06328
 200.10005    7.28278    0.07257
 208.10405    7.17137    0.07140
 216.10805    7.62384    0.07679
 224.11206    7.27543    0.07339
 232.11606    7.27395    0.07239
 240.12006    7.29109    0.07225
 248.12406    7.42146    0.07357
 256.12806    7.22478    0.07274
 264.13207    6.47215    0.06469
 272.13607    7.13144    0.07122
 280.14007    6.81195    0.06745
 288.14407    6.22257    0.06152
 296.14807    5.99335    0.05989
 304.15208    5.83213    0.05735
 312.15608    6.84588    0.06828
 320.16008    6.98670    0.06955
 328.16408    6.79973    0.06932
 336.16808    6.63062    0.06557
 344.17209    6.23224    0.06306
 352.17609    7.09338    0.07011
 360.18009    7.11883    0.07016
 368.18409    6.00954    0.06103
 376.18809    5.26831    0.05288
 384.19210    5.80045    0.05841
 392.19610    5.70536    0.05726
 400.20010    6.30432    0.06294
 408.20410    6.34303    0.06370
 416.20810    6.67527    0.06542
 424.21211    7.85404    0.07867
 432.21611    8.05862    0.08015
 440.22011    7.45760    0.07428
 448.22411    6.02706    0.06041
 456.22811    5.51901    0.05565
 464.23212    4.52159    0.04565
 472.23612    4.89709    0.04817
 480.24012    5.47283    0.05462
 488.24412    5.22178    0.05284
 496.24812    5.34702    0.05322
 504.25213    5.12025    0.05069
 512.25613    5.88600    0.05973
 520.26013    5.15578    0.05159
 528.26413    4.85071    0.04906
 536.26813    5.91512    0.05933
 544.27214    5.17269    0.05203
 552.27614    5.01699    0.05099
 560.28014    4.33224    0.04449
 568.28414    4.91235    0.04920
 576.28814    5.79581    0.05694
 584.29215    5.39108    0.05370
 592.29615    5.50967    0.05485
 600.30015    4.62904    0.04599
 608.30415    4.90636    0.05000
 616.30815    4.52378    0.04517
 624.31216    3.66359    0.03674
 632.31616    3.64214    0.03646
 640.32016    4.87182    0.04719
 648.32416    3.70436    0.03674
 656.32816    4.15577    0.04179
 664.33217    4.42238    0.04472
 672.33617    5.58312    0.05549
 680.34017    4.79352    0.04854
 688.34417    5.86918    0.05822
 696.34817    7.60799    0.07379
 704.35218    7.02815    0.07001
 712.35618    6.81429    0.06745
 720.36018    6.55596    0.06558
 728.36418    7.04465    0.06886
 736.36818    6.39770    0.06375
 744.37219    6.25253    0.06340
 752.37619    6.44333    0.06527
 760.38019    6.90439    0.06903
 768.38419    6.84687    0.06826
 776.38819    6.76776    0.06726
 784.39220    6.53561    0.06513
 792.39620    6.13068    0.06180
 800.40020    6.44162    0.06530
 808.40420    6.43501    0.06466
 816.40820    6.56368    0.06614
 824.41221    5.19398    0.05265
 832.41621    4.82239    0.04840
 840.42021    4.83762    0.04754
 848.42421    5.18125    0.05151
 856.42821    5.26868    0.05220
 864.43222    4.40663    0.04380
 872.43622    5.03976    0.05047
 880.44022    5.08577    0.05078
 888.44422    4.97427    0.04932
 896.44822    4.78642    0.04884
 904.45223    5.33802    0.05256
 912.45623    5.10081    0.04990
 920.46023    4.41024    0.04401
 928.46423    3.92440    0.03876
 936.46823    4.16127    0.04168
 944.47224    3.72976    0.03764
 952.47624    3.37950    0.03380
 960.48024    4.03418    0.04083
 968.48424    4.71036    0.04712
 976.48824    4.26437    0.04233
 984.49225    3.84913    0.03835
 992.49625    4.01373    0.04020
1000.50025    3.92789    0.03966
1008.50425    3.81697    0.03809
1016.50825    3.90361    0.03832
1024.51226    4.60776    0.04581
1032.51626    4.74921    0.04793
1040.52026    5.71480    0.05605
1048.52426    4.78103    0.04844
1056.52826    5.20720    0.05222
1064.53227    5.07372    0.05049
1072.53627    4.97800    0.04944
1080.54027    5.64273    0.05701
1088.54427    5.91081    0.05919
1096.54827    6.10340    0.05900
1104.55228    6.35316    0.06442
1112.55628    5.59285    0.05673
1120.56028    4.77508    0.04748
1128.56428    4.59287    0.04593
1136.56828    5.32695    0.05341
1144.57229    5.61655    0.05684
1152.57629    5.41496    0.05394
1160.58029    6.20041    0.06206
1168.58429    5.60749    0.05669
1176.58829    6.10897    0.06132
1184.59230    6.70678    0.06630
1192.59630    5.92752    0.05969
1200.60030    5.84891    0.05858
1208.60430    5.08248    0.05006
1216.60830    6.12070    0.06013
1224.61231    5.55482    0.05510
1232.61631    6.15270    0.06195
1240.62031    5.78242    0.05788
1248.62431    5.76732    0.05713
1256.62831    5.69669    0.05650
1264.63232    6.19694    0.06320
1272.63632    7.34404    0.07323
1280.64032    7.99388    0.07897
1288.64432    8.18012    0.08335
1296.64832    8.16953    0.08204
1304.65233    7.55929    0.07529
1312.65633    8.03283    0.07970
1320.66033    7.67118    0.07654
1328.66433    8.79860    0.08975
1336.66833    7.84720    0.07976
1344.67234    8.23874    0.08288
1352.67634    7.98324    0.07972
1360.68034    8.74278    0.08797
1368.68434    9.14574    0.09026
1376.68834    9.29196    0.09186
1384.69235    8.28859    0.08277
1392.69635    7.62671    0.07651
1400.70035    7.33353    0.07204
1408.70435    6.95956    0.06904
1416.70835    6.23338    0.06362
1424.71236    6.46105    0.06454
1432.71636    6.51110    0.06503
1440.72036    6.34431    0.06367
1448.72436    6.75850    0.06812
1456.72836    7.04468    0.07038
1464.73237    7.88262    0.07840
1472.73637    7.86258    0.07731
1480.74037    8.34594    0.08363
1488.74437    8.15497    0.08221
1496.74837    8.23217    0.08114
1504.75238    8.11679    0.08174
1512.75638    7.49087    0.07660
1520.76038    8.01696    0.08042
1528.76438    8.24273    0.08163
1536.76838    8.53402    0.08579
1544.77239    8.47970    0.08531
1552.77639    9.56277    0.09380
1560.78039    9.94355    0.09802
1568.78439   10.67284    0.10601
1576.78839   11.04041    0.10983
1584.79240   11.40680    0.11420
1592.79640   11.52883    0.11341
1600.80040    9.67174    0.09707
1608.80440   10.32352    0.10334
1616.80840   10.50497    0.10534
1624.81241   10.61465    0.10722
1632.81641   10.42059    0.10222
1640.82041   10.18494    0.10513
1648.82441   10.86559    0.10829
1656.82841   11.55954    0.11491
1664.83242   10.52091    0.10660
1672.83642   10.38160    0.10430
1680.84042   10.32443    0.10321
1688.84442   10.30273    0.10242
1696.84842    9.78029    0.09634
1704.85243    8.73330    0.08771
1712.85643    9.00447    0.09010
1720.86043    7.30181    0.07453
1728.86443    7.79808    0.07829
1736.86843    7.74887    0.07635
1744.87244    7.35415    0.07396
1752.87644    6.94980    0.06850
1760.88044    6.91929    0.06971
1768.88444    7.49377    0.07471
1776.88844    7.99110    0.07834
1784.89245    9.20549    0.09309
1792.89645    9.04639    0.09167
1800.90045    8.81253    0.08811
1808.90445    8.98484    0.08986
1816.90845    8.19919    0.08066
1824.91246    7.34218    0.07352
1832.91646    7.63884    0.07665
1840.92046    7.94060    0.07890
1848.92446    7.69013    0.07782
1856.92846    8.11317    0.08096
1864.93247    8.08215    0.08070
1872.93647    8.53259    0.08490
1880.94047    8.35062    0.08354
1888.94447    8.62902    0.08651
1896.94847    8.64900    0.08762
1904.95248    8.51576    0.08295
1912.95648    7.94690    0.08034
1920.96048    6.73929    0.06711
1928.96448    7.88016    0.07877
1936.96848    8.85309    0.08790
1944.97249    9.19057    0.09135
1952.97649    8.21567    0.08230
1960.98049    9.08412    0.08963
1968.98449    9.26277    0.09326
1976.98849   10.17448    0.10173
1984.99250    9.74245    0.09768
1992.99650    8.94206    0.08986
250
   0.00000   12.86133    0.12887
   8.00400   12.58414    0.12659
  16.00800   12.80149    0.12690
  24.01201   12.84057    0.12681
  32.01601   13.43525    0.13523
  40.02001   13.69619    0.13738
  48.02401   13.22057    0.13440
  56.02801   13.53936    0.13625
  64.03202   12.79319    0.12759
  72.03602   12.24046    0.12240
  80.04002   11.71920    0.11714
  88.04402   10.99628    0.11056
  96.04802   10.70930    0.10736
 104.05203    9.96849    0.10137
 112.05603   10.63071    0.10659
 120.06003   11.14512    0.11025
 128.06403   11.26678    0.11382
 136.06803   11.46836    0.11448
 144.07204   11.58154    0.11719
 152.07604   12.13788    0.12145
 160.08004   11.79297    0.11657
 168.08404   11.17657    0.11072
 176.08804   10.06465    0.10117
 184.09205    9.68339    0.09581
 192.09605    9.81434    0.09853
 200.10005   10.79435    0.10561
 208.10405   10.57336    0.10514
 216.10805   11.27228    0.11273
 224.11206   11.08855    0.11265
 232.11606   11.04485    0.10873
 240.12006   10.86595    0.10717
 248.12406   11.21789    0.11240
 256.12806   11.20460    0.11038
 264.13207   10.12510    0.10170
 272.13607   10.72645    0.10468
 280.14007    9.71982    0.09839
 288.14407    9.25910    0.09271
 296.14807    9.46158    0.09445
 304.15208    9.12489    0.09095
 312.15608   10.55670    0.10601
 320.16008   10.77131    0.10784
 328.16408   10.78689    0.10646
 336.16808   10.05528    0.09967
 344.17209    9.71730    0.09676
 352.17609   10.24912    0.10188
 360.18009   10.39394    0.10580
 368.18409    9.40589    0.09356
 376.18809    8.83154    0.08882
 384.19210    8.74466    0.08845
 392.19610    8.98495    0.08963
 400.20010    9.20317    0.09256
 408.20410    9.40453    0.09415
 416.20810    9.95394    0.09970
 424.21211   11.53606    0.11473
 432.21611   11.53545    0.11563
 440.22011   10.52516    0.10424
 448.22411    9.68288    0.09570
 456.22811    9.20567    0.09326
 464.23212    7.67021    0.07815
 472.23612    7.66591    0.07726
 480.24012    8.18847    0.07989
 488.24412    7.93871    0.08056
 496.24812    8.35521    0.08290
 504.25213    8.19824    0.08282
 512.25613    9.15614    0.09113
 520.26013    8.77241    0.08777
 528.26413    8.81243    0.08840
 536.26813    9.75846    0.09751
 544.27214    8.43582    0.08378
 552.27614    8.07234    0.08014
 560.28014    7.11266    0.07164
 568.28414    7.05600    0.07073
 576.28814    8.09539    0.08051
 584.29215    8.20101    0.08161
 592.29615    8.06235    0.08203
 600.30015    7.12613    0.07114
 608.30415    7.92755    0.07909
 616.30815    7.17769    0.07284
 624.31216    6.31865    0.06321
 632.31616    6.37200    0.06406
 640.32016    7.26877    0.07355
 648.32416    6.17442    0.06105
 656.32816    6.60085    0.06597
 664.33217    6.82301    0.06814
 672.33617    8.14355    0.08131
 680.34017    7.69730    0.07713
 688.34417    8.63553    0.08510
 696.34817   10.33261    0.10210
 704.35218    9.17438    0.09150
 712.35618    9.06569    0.09173
 720.36018    8.65744    0.08682
 728.36418    8.82350    0.08734
 736.36818    8.78286    0.08667
 744.37219    8.30720    0.08429
 752.37619    8.69016    0.08702
 760.38019    9.08165    0.09081
 768.38419    9.29702    0.09302
 776.38819    9.22418    0.09291
 784.39220    9.38069    0.09349
 792.39620    9.52012    0.09500
 800.40020   10.13343    0.10107
 808.40420   10.04856    0.10066
 816.40820    9.85346    0.09830
 824.41221    8.76904    0.08711
 832.41621    8.36418    0.08352
 840.42021    8.16108    0.08113
 848.42421    8.34537    0.08450
 856.42821    8.35236    0.08421
 864.43222    8.13758    0.08138
 872.43622    8.48447    0.08445
 880.44022    8.54111    0.08580
 888.44422    8.33253    0.08199
 896.44822    8.07589    0.07924
 904.45223    8.50340    0.08521
 912.45623    8.09631    0.08091
 920.46023    7.48602    0.07563
 928.46423    6.41233    0.06412
 936.46823    6.28349    0.06402
 944.47224    6.21782    0.06268
 952.47624    6.24557    0.06253
 960.48024    6.78471    0.06646
 968.48424    7.06944    0.06995
 976.48824    6.76719    0.06714
 984.49225    6.44993    0.06429
 992.49625    6.25544    0.06216
1000.50025    6.42196    0.06470
1008.50425    6.49042    0.06438
1016.50825    6.16368    0.06203
1024.51226    6.68593    0.06645
1032.51626    6.80725    0.06824
1040.52026    7.95319    0.07866
1048.52426    6.72901    0.06680
1056.52826    7.42549    0.07403
1064.53227    7.29369    0.07267
1072.53627    7.51998    0.07435
1080.54027    7.53904    0.07510
1088.54427    7.99944    0.07999
1096.54827    8.06833    0.07984
1104.55228    8.13659    0.08369
1112.55628    7.42236    0.07503
1120.56028    6.91907    0.06879
1128.56428    7.27645    0.07165
1136.56828    8.02737    0.07997
1144.57229    7.90795    0.07927
1152.57629    8.01089    0.07976
1160.58029    8.80207    0.08901
1168.58429    8.08632    0.08125
1176.58829    9.01288    0.08960
1184.59230    9.53890    0.09634
1192.59630    8.84090    0.09010
1200.60030    8.90430    0.08802
1208.60430    7.99708    0.07953
1216.60830    8.77044    0.08644
1224.61231    7.63200    0.07728
1232.61631    8.82110    0.08775
1240.62031    8.52945    0.08621
1248.62431    8.63807    0.08695
1256.62831    8.68116    0.08502
1264.63232    9.16570    0.09257
1272.63632   10.07827    0.10230
1280.64032   10.68582    0.10847
1288.64432   11.39738    0.11410
1296.64832   11.41398    0.11265
1304.65233   10.26051    0.10370
1312.65633   10.46208    0.10667
1320.66033   10.52931    0.10460
1328.66433   12.07403    0.12028
1336.66833   11.20116    0.10908
1344.67234   10.96218    0.11245
1352.67634   11.04510    0.10898
1360.68034   11.87163    0.11867
1368.68434   12.39234    0.12360
1376.68834   13.09922    0.13111
1384.69235   12.36162    0.12357
1392.69635   11.76047    0.11653
1400.70035   10.71102    0.10903
1408.70435   10.98872    0.10886
1416.70835   10.33664    0.10380
1424.71236   10.51429    0.10524
1432.71636   10.79569    0.10751
1440.72036   10.49912    0.10543
1448.72436   11.24111    0.11138
1456.72836   11.17787    0.11200
1464.73237   12.44980    0.12443
1472.73637   11.85564    0.12085
1480.74037   12.68480    0.12767
1488.74437   12.07659    0.12176
1496.74837   11.67000    0.11650
1504.75238   11.83193    0.11764
1512.75638   11.26184    0.11156
1520.76038   11.04420    0.11105
1528.76438   11.53714    0.11315
1536.76838   11.63678    0.11865
1544.77239   11.37352    0.11469
1552.77639   12.77216    0.12926
1560.78039   13.63134    0.13619
1568.78439   14.59115    0.14682
1576.78839   14.82380    0.14993
1584.79240   15.44141    0.15565
1592.79640   15.81513    0.15745
1600.80040   14.06235    0.13832
1608.80440   14.44995    0.14478
1616.80840   14.42315    0.14482
1624.81241   14.92630    0.14784
1632.81641   14.43582    0.14316
1640.82041   14.93360    0.14921
1648.82441   15.37448    0.15341
1656.82841   16.59736    0.16529
1664.83242   15.86949    0.15704
1672.83642   16.21065    0.16013
1680.84042   15.93557    0.16118
1688.84442   16.13421    0.15868
1696.84842   14.79559    0.14842
1704.85243   13.93052    0.13808
1712.85643   14.42296    0.14039
1720.86043   13.10254    0.12762
1728.86443   12.97515    0.13140
1736.86843   12.99998    0.13015
1744.87244   12.69732    0.12763
1752.87644   12.28011    0.12487
1760.88044   12.44704    0.12438
1768.88444   12.64883    0.12846
1776.88844   13.16653    0.13007
1784.89245   14.67367    0.14448
1792.89645   14.09343    0.14205
1800.90045   13.57760    0.13504
1808.90445   13.73342    0.13610
1816.90845   11.93837    0.11936
1824.91246   11.31676    0.11405
1832.91646   11.49207    0.11518
1840.92046   11.91817    0.11595
1848.92446   11.43039    0.11344
1856.92846   11.62333    0.11599
1864.93247   11.68528    0.11586
1872.93647   12.45984    0.12218
1880.94047   12.82002    0.12822
1888.94447   13.47593    0.13588
1896.94847   13.43873    0.13274
1904.95248   12.65017    0.12704
1912.95648   12.51657    0.12351
1920.96048   10.59788    0.10679
1928.96448   11.51232    0.11525
1936.96848   12.35888    0.12502
1944.97249   12.95437    0.13189
1952.97649   12.05147    0.12247
1960.98049   13.09689    0.13182
1968.98449   13.56572    0.13581
1976.98849   14.51468    0.14392
1984.99250   13.99004    0.13754
1992.99650   13.41126    0.13351
